1.51853899 1.34648523 -2.32327793 3.08489926
1.16797161 1.47293152 -1.2948795 2.28262959
0.920912523 1.31666501 2.64124946 3.09158298
1.54925319 2.62754034 2.052198 3.67636646
5.910186607E-02 -4.64749455 -1.68653845 4.94440194
3.18711683 1.13357131 -3.18616229 4.64696973
1.71678841 -0.501048868 3.02135074 3.51097888
1.9835059 1.13558647 -2.37707107 3.29762326
3.354061643E-02 -0.878889411 -2.72414104 2.8626065
1.96788007 1.37099535 2.6019045 3.53865613
1.11838434 2.44251102 1.98282164 3.33889582
-3.45525415 -1.3991157 -2.39971227 4.43338752
1.0743188 0.153433062 -2.8862683 3.0835446
-1.5888256 3.5491509 5.32634236 6.59475259
2.64015106 1.35234944 -2.78749927 4.07055264
1.48746991 1.19279103 -4.34386806 4.74389154
2.15996829 0.956037916 2.87327861 3.71957007
2.09894294 2.19623796 2.74339714 4.09331778
-4.85199213 -1.99356002 -2.78512406 5.9391098
1.72829287 -0.448742493 -2.00373492 2.68390009
-2.374646 4.27299871 2.90727355 5.68767976
1.3499042 2.34013822 -2.41168978 3.62142732
-4.754447034E-02 1.70437151 -4.33898058 4.66196259
0.160901235 2.08215475 4.2353702 4.72224717
1.74449076 2.06287409 1.80706244 3.25025724
-3.04877153 -1.53887726 0.155637202 3.41868016
2.29795428 1.17745431 -1.89096495 3.20042825
1.73486802 0.253574064 2.5464191 3.09165281
2.39096605 1.0704485 -2.0848364 3.34800261
1.93503278 7.887054672E-02 -2.06431587 2.83054278
2.29618009 -0.631788663 2.48123719 3.439206
2.744695 2.66148798 1.61998172 4.15225357
-1.51621396 -2.60923051 -2.44111311 3.88149737
1.68900857 0.620355104 -2.33473694 2.94764091
1.91915548 -0.529256876 2.93615 3.54742828
2.01760547 1.81081976 -0.780473361 2.82115911
0.686862646 5.40012183E-02 -1.92074841 2.04058102
1.55744806 0.91257597 4.05823521 4.44158895
1.44285779 2.22878333 1.8598527 3.24166096
-1.07193847 -1.93786582 -3.42451193 4.07819298
2.64261967 0.166569039 -3.26585683 4.20440303
1.74851531 0.272745572 3.94264233 4.32158819
2.39570397 2.41699394 -2.44311624 4.18928086
0.956343833 1.50106749 -3.4090813 3.84572912
2.44460223 -0.363274181 2.21898404 3.32143619
1.55572167 3.14514813 1.83482247 3.95964647
2.14904751 -2.26244587 -0.455505153 3.15349829
1.66629678 1.01547675 -1.83271403 2.67704664
1.19553029 -1.84510268 2.87143907 3.61647051
1.53675364 3.01467012 -0.951486633 3.51499282
0.501754988 1.76687841 -3.68088064 4.11369659
3.42159044 -0.414651148 1.6710837 3.83037041
1.85978083 2.25155051 1.9084125 3.4885961
1.03978952 -3.65174167 -1.30131821 4.0137026
1.89774872 1.0157503 -2.83078783 3.55620003
1.42979075 -1.54263179 3.63165605 4.19677734
2.18171821 1.99460135 -2.25757441 3.7195391
-1.44314872 0.794629994 -3.15444358 3.55873986
2.66049016 0.158900963 3.23394566 4.19068752
2.37801689 2.34395098 1.58836066 3.69756137
-1.35849942 -2.77237615 -2.23426535 3.81097518
1.10584015 -0.747335632 -2.68443838 2.99793302
2.06328189 0.599242614 3.06434841 3.74251988
1.79214331 0.676849708 -3.33164485 3.84314461
-0.829004309 1.12899575 -3.00883541 3.31888084
2.75735318 -2.1437667E-02 1.19665433 3.00590049
2.0659587 2.74794744 2.26899204 4.11918989
-2.30995092 -1.77334156 -3.4522896 4.51651602
0.878385849 -1.32320923 -3.26720757 3.63277988
1.11662531 -1.64282221 2.998235 3.59654418
2.09536092 3.45335123 -1.21617447 4.21844194
0.427338808 0.58522371 -2.36200566 2.47066307
2.03682472 -1.08420864 2.67089668 3.5295683
1.09372562 2.04853522 3.13124263 3.89838591
-2.58708729 -1.40501642 -1.8982661 3.5029282
2.68672911 0.967446277 -2.74780756 3.96294234
1.01454584 -0.909938266 3.0950839 3.38183903
2.88473282 1.49594671 -1.22994924 3.47452373
-8.745782281E-02 2.56773589 -3.10894841 4.03317203
2.64354818 0.261299387 3.80816842 4.64314237
2.27954429 1.97598748 2.65756748 4.02038725
0.428945564 -2.32918678 -2.18100959 3.21961305
1.87539349 -0.153171949 -2.18613516 2.88439757
2.4278622 -1.79299304 2.22717281 3.75095157
0.635529898 2.32989449 -0.829660186 2.55355489
0.229614458 0.567142991 -1.97903212 2.07145893
2.30210579 0.443607975 2.30658246 3.28889066
1.27154075 2.06246882 2.69491258 3.62396845
-1.51002269 -1.06164797 -2.78340947 3.33985527
0.651572833 0.775192649 -2.00280465 2.24425874
-0.872732895 1.02525767 5.77901892 5.933791
1.3414667 1.16780804 -2.10542529 2.7561067
-0.47597371 1.75183206 -3.03298977 3.53475508
3.40207318 -0.415377959 3.39875516 4.82681856
1.1775975 2.30763553 3.09334932 4.03493837
1.73857435 -4.26097236 -1.47810298 4.83356129
0.770601296 0.187730974 -1.43709542 1.64143611
2.95431898 -1.89769937 1.72250095 3.911045
2.90653461 2.08770947 -1.75064812 3.98387288
0.957217582 0.775448918 -2.58932814 2.86743906
2.4742455 -0.249713883 2.67169016 3.64995563
0.832054793 2.87387341 1.94491171 3.56849339
-2.53119161 -3.74472728 -2.97018156 5.40850181
2.22916676 -0.711003997 -1.87092765 2.99584402
1.24099512 -0.785388481 4.23259262 4.48015002
2.65822299 1.90068542 -1.83426542 3.74743702
0.47689221 1.37300868 -2.6237809 2.99946749
3.24850618 -0.167139922 1.85057819 3.74237462
1.92651727 2.47859272 3.24165631 4.51256317
-1.35073371 -2.86029748 -3.57285052 4.77190151
1.77959385 0.982576654 -1.25369702 2.38833988
1.41572064 -1.81637914 2.45063202 3.36289985
0.372082748 2.18930288 -2.14367979 3.0865605
-1.03961025 1.43639361 -2.92506515 3.42052952
2.19271675 0.181830544 3.60884265 4.22667888
3.37223359 1.61014395 2.17839745 4.32549863
-1.370991685E-02 -1.15324308 -1.1927854 1.6591849
1.13098142 3.518245235E-02 -0.874516773 1.4300826
3.26427406 -0.276167031 3.24701398 4.61246714
1.4847079 0.852361802 -2.26780357 2.84144526
0.984112463 1.00201585 -3.9375216 4.1805011
3.45924805 1.12818067 3.12863492 4.79870245
1.81888149 1.91283037 2.4449948 3.59795074
1.12363311 -4.74995975 -1.71006606 5.17194305
1.87366213 1.33929961 -1.28444776 2.6370702
2.49773923 0.523219052 2.47955181 3.55817884
2.054345 1.12415839 -2.3944127 3.34922045
1.30628918 0.475115828 -3.10591559 3.40276918
3.63835955 0.771509069 2.3115254 4.37904512
3.07445713 2.71074398 2.55848019 4.83179474
0.433345325 -3.182158 -1.58772496 3.58256728
1.21538415 -0.538338535 -1.90616589 2.32388369
-1.41655665 1.87576285 3.93753965 4.58577556
2.02677148 2.90289532 -1.62805246 3.89681391
0.383346339 0.819224912 -2.75568704 2.90032669
4.53896724 0.490079633 2.52340419 5.2163177
2.05799772 1.24431695 1.74929022 2.97383516
1.9150482 -4.27479164 -0.951281558 4.7797688
0.667049537 -1.0316597 -1.9253721 2.28392963
2.02398739 1.60578188 3.21769311 4.12657356
2.00376325 2.04089537 -2.18413897 3.59871979
-0.204127645 0.768808304 -3.22489613 3.32154924
4.34599625 -0.126788476 4.25439304 6.08305999
1.9454019 2.69051577 2.32782958 4.05490496
0.240999402 -4.33140262 -0.642851508 4.38547459
2.31027679 0.263349365 -1.70939771 2.88596124
2.21290802 -1.00455955 3.57585525 4.32352201
1.99947157 2.13576041 -2.22132208 3.67336778
7.71735854E-02 0.284445063 -3.04938549 3.06359538
2.61067577 -0.436279492 2.53917508 3.66788466
2.01210897 2.03795871 2.43182226 3.75707569
-0.918089063 -3.88763994 -1.4563989 4.25179134
1.40595924 0.160618427 -2.24855468 2.65678713
1.22314986 -0.893911444 3.49667922 3.81076617
1.8372154 1.36030138 -2.74460643 3.57192452
0.143095817 0.209821719 -1.17511378 1.20224538
2.06585758 1.74679786 4.5850522 5.32369928
1.79907797 1.450492 2.04099584 3.08322438
1.12228654 -4.84980718 -0.173577564 4.98099246
1.9513886 -0.79537585 -3.07315877 3.72623738
1.48064703 -0.857650757 2.90865311 3.37463233
0.531450737 2.08931812 -0.908062465 2.33928783
0.878899866 -3.982387299E-02 -3.69265515 3.7960180
3.25442866 2.55024941 4.07197544 5.80310796
2.02149801 1.44980186 2.64245571 3.6291806
1.09332057 -3.65982056 4.396550691E-02 3.81989128
1.08315144 -0.6664289 -2.61774604 2.91031594
1.84387687 0.195651472 3.16905759 3.67166004
2.5440405 0.405341536 -1.85707508 3.17571593
0.400681218 0.119096883 -2.48719057 2.52207186
4.85959857 0.961244534 3.46040801 6.04269087
1.93962316 0.957506864 2.0348434 2.96977188
1.65957134 -4.09205326 -1.52834184 4.67278351
1.2134693 0.422220641 -1.25390598 1.79528779
3.48619877 0.451552515 3.10194141 4.68823229
1.95022247 2.31927295 -1.29547072 3.29554837
-7.454370825E-02 1.50466239 -2.39483975 2.82927961
3.26092015 -3.30071325E-02 1.97264991 3.81130389
2.6016994 2.30089845 2.07979281 4.04827267
-0.950503444 -2.23800091 -1.94330016 3.11263881
2.33696972 0.560869524 -3.70539586 4.41655529
-0.968380502 2.5287901 5.5957097 6.21647064
1.73554012 1.03215136 -2.70570719 3.37613497
-0.505889954 0.644775674 -3.73582706 3.82466523
2.46310445 1.14000177 4.15433359 4.96235581
1.49365747 1.27840364 2.63141608 3.2847647
-0.558564614 -2.33787829 -1.69443459 2.94088047
0.701573545 0.625157764 -1.58370109 1.84150395
1.89135842 0.376167643 1.85032885 2.6725373
1.34965996 1.31911903 -2.48317722 3.11894632
-0.673343587 1.5537889 -3.9803192 4.32557424
2.356421 0.586606927 3.31572116 4.10984603
1.66520421 2.35276465 2.506855 3.82004301
1.07424153 -3.80795401 -2.87064973 4.88826538
3.01396205 -0.502196734 -2.74720657 4.10893085
2.75432693 -0.96972172 2.30332714 3.71913874
2.15325626 1.24635337 -0.887501046 2.64150854
0.897793843 7.116089869E-02 -1.67811528 1.90451268
3.18112671 0.720425776 1.76213981 3.70725197
2.29757325 1.22282411 2.49196506 3.60333616
-0.45552396 -1.93605528 -1.9790825 2.80581177
1.5257421 0.467552647 -1.95138737 2.52079494
0.10598032 -0.831055243 3.31436288 3.41860878
1.64307936 2.28748973 -2.52302612 3.78126697
-1.02106736 8.028657704E-02 -1.89823006 2.15691953
3.86419501 1.47716079 4.13713567 5.85063233
1.91649637 1.14514434 1.95058687 2.96464214
-1.78100863 -2.57067426 -1.52403875 3.47894409
1.76232244 1.35847305 -2.15628305 3.09851351
2.28311386 -0.642505966 3.5416747 4.26249722
1.31326664 1.27441947 -1.09181627 2.13093337
-2.254666418E-02 0.888462321 -2.70844447 2.8505341
5.6776088 -0.622407308 2.13787357 6.09861755
1.91147587 2.10562591 2.53733924 3.8112322
1.57635649 -4.37110212 -1.61341587 4.91879501
1.77181497 -0.100607232 -1.63198586 2.4109807
0.361895358 -0.440056888 3.42151191 3.46862538
1.64198017 0.898186423 -3.03615713 3.56666341
-0.603140441 0.969015856 -2.41176485 2.6682166
2.89816146 -5.674374586E-02 3.54082523 4.5760248
1.37931814 1.8862385 2.6401159 3.52570932
-0.760449728 -2.51147238 -1.17981538 2.87710647
1.37974412 -0.429154966 -1.48263821 2.07028594
2.09318184 -0.995447346 2.095194 3.12444612
2.01589213 1.17766956 -1.68722535 2.88053051
-0.115858316 0.602291515 -2.8357886 2.90135748
2.84927222 0.868073541 1.68304946 3.42119268
2.29588924 1.43801875 2.85131545 3.93306562
-1.39982353 -2.59588196 -2.51115863 3.87350316
0.733457142 -0.744276442 -1.9863324 2.24442046
1.35311978 0.865730097 3.28593335 3.65756473
1.3851256 1.68617895 -2.88550703 3.61772348
0.429452973 1.04982132 -3.46409879 3.64506997
3.02659516 3.04880328 4.85950144 6.4861571
1.72333265 1.97831679 1.85654615 3.21409029
2.76334876 -2.14058143 -0.631619811 3.5520598
1.3651486 7.745715124E-02 -1.84435581 2.29592653
1.94265738 -2.06540594 2.61844958 3.85954629
2.12489861 0.650580781 -2.4734351 3.32510612
0.557815016 1.21309629 -2.01043218 2.41342034
3.01853333 8.854723532E-02 3.9258472 4.95294461
2.13509797 1.05726807 2.40078553 3.38234094
-3.029494768E-02 -3.60703178 -3.20759211 4.827032
0.975227865 -0.206334056 -1.98798553 2.22389964
2.21460822 -1.14968665 3.38149885 4.20247586
2.0586484 0.958650896 -1.82721356 2.9147477
-0.456098473 0.835851525 -2.62727 2.79449839
2.79908568 -0.554458767 1.84507648 3.39803067
3.07145412 1.82938695 1.70775501 3.96193313
-2.375334035E-02 -2.57697776 -3.23871358 4.138918
1.5712495 0.523389495 -1.5048124 2.23768226
2.53306393 1.63517218 1.37491131 3.31369613
1.08320319 1.99521805 -1.67244623 2.81980507
0.733009304 1.74301956 -3.97492201 4.40175247
5.16690712 -5.908617067E-02 4.01516781 6.54385153
3.04262131 1.75557561 1.10161045 3.68145837
2.75390895 -2.46595092 -0.777511573 3.77749291
0.990663055 0.802614495 -1.55417823 2.01024209
0.236897761 -0.136561594 4.70787855 4.71581276
2.10861835 1.00527113 -2.50041302 3.42182797
-0.230023675 5.39098905E-02 -2.00320686 2.0170907
3.08511268 -2.346422863E-03 2.2152407 3.79805438
2.44635344 3.17969705 2.80014752 4.89243749
0.724790757 -2.92288459 -2.72124429 4.05878633
1.39235084 -1.46785312 -2.34115798 3.0942292
4.5946047 -1.00682598 3.29257522 5.74152789
2.19333133 3.29446116 -1.10273428 4.10855201
1.11282272 1.10143133 -2.69917741 3.12043011
2.0380174 0.486580712 4.76568238 5.20595853
1.51490483 1.10871223 1.3775182 2.32846212
1.23007234 -1.9496612 -0.732540079 2.41885753
2.72342619 -0.335991897 -2.71743794 3.86191788
1.22865098 -0.940921774 2.0926087 2.60267712
2.50156923 -2.57966813 -1.4862267 3.88862521
0.239122587 -0.633286047 -2.74103836 2.82338841
2.17164283 0.260255116 2.94260693 3.6664289
1.14309899 1.1804717 3.1786462 3.578265
-0.70576164 -2.24242512 -2.42236449 3.37556212
1.0224723 9.250999823E-02 -3.36349149 3.51668632
1.53627334 -0.121959711 3.12778193 3.48683664
2.16525314 1.64558619 -1.52941397 3.12015739
1.18438978 0.651744174 -3.12232781 3.40242275
3.54878566 -0.132677207 3.75446684 5.16793036
1.16021843 2.32529042 2.08444285 3.33136374
2.54477028 -3.19662437 -1.46573612 4.34081162
1.66765041 0.194268908 -3.20849557 3.62122108
1.74410726 -0.825553461 2.61226793 3.24767492
1.65549962 1.78947361 -1.22970093 2.73039542
0.252951985 2.810495026E-02 -1.92672798 1.94346477
4.45448158 0.124615329 4.44993783 6.29760921
1.0157719 1.06871816 1.93710806 2.43440726
0.607834373 -1.35449861 -3.04630253 3.38881811
2.29273055 0.945255216 -3.68604602 4.44264067
1.21487404 -0.717365131 2.88700108 3.21330156
2.61807948 0.956849575 -2.66751224 3.8581761
0.260518904 -0.518824566 -2.51360276 2.57977671
3.98373907 0.4294638 4.38039672 5.93653868
2.26961553 2.23006417 2.21157899 3.87497387
0.895305087 -2.19059701 -0.471685318 2.41304237
2.15932126 -0.484417887 -3.50441603 4.14466654
2.47030346 -0.208671491 2.63817502 3.62020861
1.33729314 2.34145223 -1.5217866 3.09622124
-0.970724439 2.18917902 -3.25952033 4.04466111
3.10070716 -1.83467871 2.48377646 4.37602289
2.19514562 1.75831462 1.1280331 3.03031241
0.776862816 -3.19968787 -3.14564445 4.55374542
1.75639655 0.309442607 -2.34784223 2.94839731
2.34533714 -0.58666687 2.25549453 3.30636354
0.954211668 -2.15618096 -1.80329837 2.96842066
0.432348131 0.768602163 -1.24240476 1.52356285
3.91423398 -0.395755362 2.2556326 4.53494524
2.23757382 2.26697114 3.88270185 5.0220781
1.83259169 -3.48269517 -1.92843815 4.38251431
0.155739389 0.903030679 -1.90009599 2.1095222
1.69640177 -0.201057035 3.45912689 3.85794787
1.45050448 1.73422595 -2.1994364 3.15420725
0.289875545 2.14329626 -2.41552906 3.24230278
1.59486306 1.04051484 3.92915732 4.36629552
1.89181166 2.78239204 3.20116434 4.64414792
-3.037477327E-02 -2.69563402 -2.27445974 3.527113
1.46958418 0.501027003 -2.21315162 2.70346922
1.05631866 0.86494259 3.43030266 3.69200639
1.27862618 2.04931401 -1.21238252 2.70267352
2.525743608E-02 0.368273668 -2.41029492 2.43839805
2.23986613 1.24588968 4.32112886 5.02408161
2.1143438 1.13418964 1.88984545 3.05423504
1.64225212 -2.61379903 -2.03339482 3.69643503
1.56182632 0.139202348 -1.24134284 1.99990269
1.76486197 0.300097874 3.45456406 3.89086229
1.60620138 1.5888562 -2.43437005 3.32122032
0.249045338 0.351094385 -2.37254761 2.41128037
1.45449522 0.884786369 0.75481416 1.86229635
1.32721303 2.12692973 2.78389131 3.74638163
1.01170008 -2.58017515 -1.71818853 3.26083007
2.3469588 0.641773959 -2.41508607 3.42822551
1.91976311 2.19733636 2.71885671 3.98822758
3.41851752 1.51093049 -2.25709708 4.36619517
0.978846172 1.02431636 -3.13101003 3.43665355
4.22550522 1.54174441 3.99150521 6.01364981
2.09651254 0.785991452 2.28834559 3.20151103
0.547573889 -2.64583423 -1.58373147 3.1318495
0.48276238 1.25029586 -1.8692294 2.30006909
1.58025778 -0.818118347 2.50986916 3.07668254
1.19267613 2.30647664 -1.63421236 3.0680549
-0.288567262 1.13072347 -1.44907774 1.86054641
1.10661587 0.558959149 2.90740651 3.1607035
1.30290707 1.37695335 2.7775402 3.36278113
1.84377859 -2.13077071 -2.55215549 3.80173657
1.88449585 -0.377125577 -1.94340861 2.73320057
1.89163676 0.293162589 1.71931331 2.57298896
2.16352986 2.78259052 -2.28302373 4.19950817
1.06559979 1.0433283 -2.13298307 2.60262437
3.33053039 0.694571364 2.9072659 4.47516
1.65982804 1.23312986 2.52726874 3.26538293
1.37317018 -3.48264845 -1.5322041 4.04500753
0.441624646 0.727953191 -2.75285307 2.88151839
1.98884042 -0.885840281 3.03820883 3.73776833
2.85328248 1.06270651 -1.54387082 3.41381065
-4.455403516E-02 0.40987258 -1.29924362 1.36309008
4.83588785 0.935164272 3.57572191 6.08655327
2.05216672 2.68318371 1.82835448 3.84106016
1.29811399 -2.02613638 -2.42962947 3.41956546
0.856498308 0.801090315 -0.784028035 1.410686
1.37322276 0.598455362 3.42095888 3.73454806
1.99977159 2.80072538 -1.99759426 3.97913708
0.329726241 0.317944046 -3.30404983 3.33564883
3.06864007 0.956499281 4.64216756 5.64634062
2.14665063 1.95444844 1.62266957 3.32581331
1.4953854 -4.27196337 -1.65712367 4.8199489
1.29907304 -1.20573006 -1.95852759 2.64144015
1.17097235 -0.347689189 3.38443081 3.5981156
1.57458009 0.723232666 -3.56690134 3.96549532
-0.354101356 5.752863251E-02 -2.71963416 2.7431929
2.54053051 0.271547704 0.761911097 2.66618491
1.82480088 1.13133556 1.79039459 2.79559138
1.60981748 -3.60529594 -2.09403154 4.46929963
1.82450577 -0.608858188 -1.70317585 2.56911221
1.3789415 0.129698131 3.46376386 3.73041035
0.724432018 2.71779937 -1.80107175 3.33992434
0.310625732 1.64316646 -2.58094467 3.07534709
2.56071741 0.854688818 3.43350231 4.36768872
1.89764852 1.94086694 1.04714614 2.90938987
-0.262067267 -3.32701913 -3.60529528 4.91282908
2.69579154 0.613966462 -1.52712982 3.15853959
0.64451586 -7.974584502E-02 3.33755105 3.4001481
0.793476062 3.84123732 -2.32293779 4.55859062
-0.855519721 1.20525519 -4.12980201 4.38632177
3.45823622 2.65533872E-02 3.70457269 5.06793466
2.32539955 1.41700838 1.66994496 3.19438758
2.04911868 -3.99381536 -0.858416486 4.57015616
1.18007624 -0.264977746 -2.94479212 3.18348767
1.42227949 -2.00740877 2.71532055 3.66408715
2.29203112 -3.48771973 -2.62196425 4.92872114
-0.962285518 1.80262949 -2.78232152 3.45206888
2.53464261 -1.00115186 2.74166896 3.86567806
1.81854302 2.13808876 1.80461073 3.33693604
0.791362518 -3.28401212 -1.8878741 3.86976212
0.978074845 0.18728194 -2.33911989 2.54227984
4.10961154 1.49450023 3.05649459 5.33522231
0.718643173 1.76564505 -2.77191044 3.36414
-0.462169059 1.21247698 -4.105579 4.3057496
2.38642367 0.160150259 3.47020738 4.21461804
1.8638599 1.98314973 2.1649622 3.47763107
2.65961466 -4.53199681 -0.404821009 5.27033446
1.73326022 0.16469445 -2.5457581 3.08418539
-2.83699268 2.32430225 4.11348425 5.511049
1.56236336 2.28679265 -2.11938773 3.48743519
0.159194326 0.213533926 -3.41341504 3.42379056
3.2309184 1.12147199 3.64797727 5.00042711
1.3759915 1.78228789 2.11364681 3.08826902
1.88000141 -3.85510082 -1.7078901 4.6166109
1.79638465 -0.447210221 -2.33234927 2.97772529
1.8051312 1.84228068 1.92411949 3.21787703
1.41353584 0.331386456 -3.1488787 3.46746847
-0.403786208 -0.357541796 -3.29179934 3.33568919
4.61106499 0.56248656 4.00233829 6.13164115
1.24622699 1.4472276 2.49460534 3.14175194
-0.29434541 -2.13670455 -3.15338672 3.8204703
1.52578166 -0.436355509 -2.25163843 2.75468536
0.436602399 3.75706763 3.69719238 5.2891786
0.687603106 -2.16038575 -2.28380897 3.21805035
-0.445730866 0.500507495 -2.80580559 2.88474068
3.203396 0.264928994 2.52242128 4.08589555
1.70105364 2.84417071 2.05001233 3.89685015
1.46675249 -3.45608868 -1.06728028 3.90320369
1.93278742 0.667676218 -3.02437177 3.65079216
2.58366206 0.960984248 3.31462856 4.31109764
3.48241616 2.06190262 -3.35841361 5.25904998
0.892772494 0.866165884 -3.24117195 3.47166843
2.26377249 -1.02739319 3.87579143 4.60455881
1.44494794 3.12177651 1.56331602 3.77853412
0.919153714 -3.58951235 -2.0412445 4.23038079
1.50105179 -5.573411864E-03 -3.48593791 3.7953854
3.29419663 -0.633494456 2.25510627 4.04209735
2.82266417 2.17428638 -2.63935533 4.43408963
0.24258691 1.15176002 -2.80338311 3.04045332
0.892099116 1.61000714 2.92513775 3.45606636
2.39773145 0.673055106 1.99706985 3.19224173
-1.13343733 -3.17932727 -3.29339587 4.71585183
2.4574964 0.560961053 -2.42168237 3.49549873
2.74990798 -6.731466033E-02 3.72537193 4.63086614
0.262388114 0.731506597 -2.44893993 2.56929099
0.211999756 0.829404721 -2.66476576 2.79889847
1.74372168 -5.358287875E-02 3.89096503 4.26415822
1.54034578 2.14502598 2.40412815 3.571223
-1.06063208 -2.47784604 -3.94984815 4.78183666
1.48517313 0.913753888 -3.32729753 3.75654019
1.35849437 -1.19996856 2.07252356 2.75332261
2.12985356 0.799744953 -2.21057217 3.17214399
-1.24204679 0.565333202 -2.99501396 3.29125971
2.91152676 1.96417881 4.39565124 5.62643193
2.40163775 1.01898965 2.54492005 3.64456058
-0.907863319 -1.9337314 -1.9928139 2.92144488
3.01763454 0.170535796 -1.44131264 3.34851949
2.04449386 -5.247893251E-02 3.25660522 3.84554115
2.48969927 0.989185088 -1.41597431 3.03019354
0.711409177 1.08122594 -2.94211752 3.21421967
3.20261652 1.42390094 3.56174909 4.99702942
2.95892284 1.87108147 2.10450013 4.08473879
-0.366424829 -2.32295265 -2.33181817 3.31175967
0.723960306 0.872954371 -2.0739487 2.36377475
2.39841798 -0.364330948 2.41611527 3.42385146
1.46382911 1.69797904 -3.11961349 3.84160342
-0.418452221 0.809177421 -2.1499427 2.33497836
3.19278031 1.83722748 3.23690369 4.9037533
2.31039589 1.65699086 2.51286831 3.79447691
0.823278767 -1.89887004 -3.97140537 4.478343
0.702975555 -0.295195048 -1.37115144 1.56887571
2.08467761 -0.865711654 2.24361249 3.18263011
2.28137184 1.26852135 -3.516193 4.37920279
-2.243086774E-02 0.491224096 -3.019167 3.05894976
1.21769208 0.613638736 2.8744422 3.18146891
2.21371167 2.12517679 1.67371082 3.49545471
-0.292427633 -3.23517133 -2.62344054 4.17543863
0.715123677 -0.522156473 -2.76243204 2.90087573
1.72378548 -0.197860511 2.88459734 3.36622741
1.77858927 2.54482232 -1.71941656 3.54906942
-0.626133879 1.8492596 -3.81695462 4.2873007
1.8889702 0.293715083 4.228173 4.64025041
2.10969862 1.3028567 2.01750004 3.19664985
0.72003949 -2.72143089 -3.59414462 4.56536072
1.93543766 0.986297563 -2.06272009 2.99558274
0.661495379 0.303107614 2.48423236 2.58860209
2.21262095 1.00097666 -2.71845792 3.64522416
0.620726018 1.06902199 -4.5276527 4.69337275
2.89171633 0.3766715 2.86259193 4.08635991
2.46820871 2.03508619 2.05532198 3.80236485
-0.29003758 -2.98288595 -3.68937908 4.75323557
1.06897865 0.17012795 -3.3499577 3.52049364
2.25528374 -0.390344644 3.12669375 3.87490483
1.54981531 0.930935711 -2.23063229 2.87128703
9.230711505E-02 -4.819783283E-02 -3.26913233 3.270
1.6352272 0.298167527 1.86890563 2.50113576
1.18881175 2.4049102 2.129513 3.42515578
-1.24592711 -1.32187393 -3.35448867 3.81474498
1.02386678 -0.359290578 -2.339742 2.57910557
2.12845065 -0.167527899 2.99102306 3.67485873
2.22357204 1.03086714 -3.86152962 4.57366053
0.322635532 0.797962347 -2.51125158 2.65466045
2.57623229 1.17893244 3.4721378 4.48136089
0.824288693 0.895233822 1.84332323 2.20878609
-0.354764906 -1.46187156 -1.92864304 2.44593347
0.363275268 -0.313228341 -2.79475624 2.83562046
0.979650892 0.972992677 4.08962588 4.3164187
2.12161367 1.10030534 -1.76462799 2.97082957
-1.01181214 1.33941381 -3.40335087 3.79481097
2.2390913 1.55258439 3.68910487 4.58623407
1.94634814 2.5069991 3.59913241 4.79865291
-0.209194762 -2.1800684 -2.48840969 3.31491229
1.6118688 1.46740584 -2.43918986 3.27124566
0.681998246 9.140999233E-02 2.92488341 3.00473299
1.17100101 1.11160346 -2.39557301 2.88888831
-0.935394723 0.309191276 -3.33711891 3.4795007
2.62186228 0.336408797 3.32061197 4.24426631
1.94195712 2.2634021 2.40622994 3.83198761
0.557012869 -2.42337902 -2.50913001 3.53252921
1.96257947 -0.238480753 -1.84495382 2.70415344
1.04412082 -0.198627321 2.51529463 2.73063146
2.04971151 2.64215141 -2.55664473 4.20936024
-0.345290595 1.64253109 -3.0987981 3.52415715
3.02046218 2.61782702 4.6053318 6.09797434
1.83825785 0.92488167 1.42291951 2.5018589
0.634068814 -1.18624828 -3.58954673 3.83328501
2.30891692 0.231866856 -2.10408005 3.1324132
0.785035606 0.710003315 2.87194385 3.0607919
1.38678478 1.48369664 -3.20480492 3.79411417
-0.929774357 0.769822819 -3.73182188 3.92219353
2.84338783 1.73541221 4.62575224 5.70035908
1.65636668 1.87509318 1.59288024 2.96593872
-0.824174638 -1.58167251 -3.2255355 3.68578771
1.22728035 -0.872163822 -2.1359055 2.61323155
1.0235044 1.41345348 3.33047495 3.75998343
2.3389752 2.58018852 -2.31203928 4.18015591
0.152593546 1.67163097 -3.15164993 3.57078873
3.0781078 1.76122925 3.02829397 4.66339366
1.9663381 1.25874706 2.79586453 3.64249751
-0.570547344 -1.3381922 -3.65583926 3.93464653
1.14384939 1.20800837 -2.09466869 2.6749416
1.85511469 -1.08406876 3.62875357 4.21716825
3.07685662 0.69448926 -2.5954789 4.08483448
1.15481383 0.706008902 -2.88911649 3.19046041
4.47880559 0.554923751 3.37432909 5.6350454
1.47761552 1.02770161 2.45397626 3.04327418
-6.043154326E-02 -2.41980999 -3.14551582 3.969055
1.31814964 -0.258202032 -4.36801224 4.56987065
1.39169127 0.81825531 2.71798513 3.16129554
0.76550334 0.697537189 -1.31356649 1.67272545
-0.662933673 -0.356695479 -1.92767186 2.06945199
3.06796601 0.797227583 3.82951391 4.97123365
1.98930005 1.97500203 2.33791055 3.65017444
-1.10928518 -2.43641986 -3.57532033 4.46649424
1.74449916 -0.62409536 -3.47106009 3.93459407
2.33902977 -1.41990963 0.851480469 2.86569758
1.72719841 1.54509484 -2.84790144 3.67165834
-0.918958258 1.21175662 -3.24557289 3.58421285
3.14943574 1.49345143 2.9808676 4.58638358
2.16258865 1.88439858 1.93546648 3.46031475
-0.548289707 -2.37514658 -3.4140566 4.19496429
1.3270249 0.441057637 -2.46675222 2.83555875
1.44769793 0.304411081 2.73390631 3.10849467
1.96150774 2.52929861 -1.61233411 3.58392039
7.123387976E-02 1.60829616 -3.48854702 3.84208942
4.34199304 1.20414473 2.86904026 5.34174691
1.13944978 1.52805678 2.87623689 3.45051329
1.03665025 -2.09659583 -3.09365724 3.87828221
1.3648497 -0.60550264 -3.04190495 3.38860352
-0.253740944 1.83684411 4.50973874 4.87607672
2.36272492 2.3710112 -1.54534578 3.68676779
0.31212311 0.648606519 -2.759011 2.85135984
3.49759891 -0.112229862 2.75245919 4.45217084
1.0637203 1.1783482 1.57982689 2.2396112
0.424423167 -2.52124556 -2.6484153 3.68115713
2.35075346 0.175225874 -2.65479449 3.55030699
2.53623565 -0.484494176 3.90075628 4.6779403
1.30856934 2.03182505 -1.90387405 3.07658953
2.00380385 -0.162144979 -1.89547036 2.76302891
3.9310861 1.21899148 3.47383762 5.38580783
1.93140005 1.23730351 1.48238294 2.73105937
0.634463971 -2.58565244 -3.15813516 4.13061264
0.735336278 0.442237738 -2.09724864 2.26599769
-0.66278285 2.11897176 4.96710178 5.44071893
4.153578626E-02 0.619145283 -2.9539809 3.01845478
0.862091648 0.832885428 -3.46509848 3.66657983
3.21750494 1.41463619 3.74653213 5.13712338
0.347743044 1.65287742 2.21510762 2.78561138
0.159532512 -3.15240371 -4.2260284 5.2746958
1.94865999 -0.285138969 -3.26760976 3.81521343
2.23440587 -0.770980564 2.36634307 3.34463154
2.66035126 2.00564621 -3.55636268 4.87317156
0.582982016 0.160457326 -3.3870705 3.4406193
2.00772372 1.48448719 4.06882228 4.77388432
1.7780467 1.89678075 1.97763302 3.26653634
2.17775712 -2.41713741 -0.581499608 3.3050448
1.17904777 -0.432338771 -2.52455259 2.81965179
1.47217209 1.52150489 3.66709903 4.23436927
1.79188927 2.25069333 -1.53286927 3.25978156
-0.936544727 1.77631335 -1.85044177 2.73066657
2.16405334 0.978124606 3.70517433 4.40092847
0.709213242 1.93467215 2.43715606 3.19149955
0.458507714 -2.90575537 -2.37609295 3.78146285
1.08966192 0.82982451 -1.5740865 2.086557
1.25655294 9.164716043E-02 2.35240388 2.66854426
2.94137133 1.08314992 -2.8836276 4.25912986
0.535906557 0.636932993 -2.7866808 2.90834478
3.27140829 0.493487588 2.64943444 4.238531
0.37039821 1.87478005 2.29007253 2.98268793
9.131783541E-03 -1.55548552 -1.99672017 2.5311084
0.915887345 -0.705992049 -3.44404395 3.63300332
0.462037238 0.636945155 2.51553167 2.63573085
2.66030295 1.60080353 -1.63842221 3.51058558
-0.717214605 0.620982091 -3.33212032 3.46454058
1.93570817 1.43299318 2.72114194 3.63387521
1.81766481 2.08018622 3.91126226 4.78842903
0.686992614 -2.16380975 -2.25031885 3.1965554
1.10685352 -0.223803511 -1.99976113 2.29657513
2.52173827 0.804969308 2.90358832 3.92911754
1.28135998 2.40557741 -2.29719684 3.56451952
-0.917389084 1.44516007 -4.18785937 4.52418573
2.25448029 0.869541383 2.97691366 3.83416204
2.55547579 1.62836818 2.70124754 4.05940608
0.93008631 -3.3897271 -1.17640777 3.70664883
1.43297038 0.210847776 -2.20499495 2.63815535
2.37975878 0.769330627 1.2238997 2.78443027
0.764738758 1.66151913 -1.56411735 2.40664378
-0.972514149 1.61981509 -2.05624571 2.79244178
1.84349848 0.602315468 2.10248062 2.86036629
2.23890124 1.98534752 2.60707406 3.9687679
-0.555794942 -2.02110999 -3.44057932 4.02881864
2.5007211 0.379520326 -2.46567169 3.532305
1.5022918 8.31022634E-02 4.19156406 4.45342518
1.2639211 0.97504798 -1.11203596 1.94546629
0.83811721 0.726045591 -1.85033723 2.15715798
3.03159696 -1.18113085 2.70494451 4.23111983
1.44825007 1.57221638 1.23954959 2.47098681
-0.808380917 -1.5147365 -2.15808532 2.75775971
1.91700168 0.944151396 -1.7870193 2.78563373
2.30141578 -0.426472207 2.74910425 3.6105356
1.9785859 0.866895554 -2.29885008 3.15452401
0.102379956 1.34178387 -2.67123931 2.99105083
3.28720802 -0.745085598 2.20448699 4.02748706
2.48641962 1.46310826 2.52003572 3.83060679
0.955495248 -2.66769639 -2.53238317 3.80033416
1.53539355 0.560097337 -2.36628308 2.87583692
0.763564372 -1.15361504 2.12972483 2.53960353
1.87666559 1.60254431 -2.67987504 3.64304162
0.176117233 0.107429353 -2.51056027 2.51902187
1.66040452 0.439362496 2.02610379 2.65613989
2.74560843 1.35476598 1.32914199 3.33772002
1.36130936 -2.16322422 8.940758029E-02 2.55747843
1.05081087 -0.19947609 -2.45760368 2.68026306
2.46119221 -0.673497989 2.20939685 3.37527792
2.16767562 1.25134954 -1.83321327 3.1024771
-0.42801496 0.157042072 -2.90175437 2.93735212
3.36314956 0.495975198 3.307831 4.74325967
3.17977821 1.56252653 1.71535525 3.93635901
0.994350132 -1.05292453 -1.54924581 2.12074158
0.849750044 0.572922495 -2.68894957 2.87763186
-4.573298258E-02 3.53315094 4.61336473 5.81105681
0.772203549 2.14843303 -1.63288658 2.80684545
-0.725929843 -0.764091043 -2.77420806 2.96766569
1.92610339 1.04010981 2.95843308 3.68022132
0.834012603 2.37114776 1.69814083 3.03341408
-0.370871096 -2.20842888 -1.53743484 2.71632277
1.12951247 -0.654820643 -0.595177302 1.43486045
1.20030872 -0.139466412 2.60891956 2.87517881
1.72397057 1.89017007 -1.27581595 2.85876263
-1.00586966 1.11953731 -1.79838275 2.34506249
2.75829134 0.176850164 2.42270737 3.67545345
2.25834004 2.07376909 2.09195221 3.71172224
0.250073298 -2.52720238 -2.35064482 3.46046523
0.990968012 0.749552447 -1.51078985 1.95610134
2.51099487 0.982829325 2.25911642 3.51776289
2.59405405 1.25160414 -1.4609212 3.22953868
1.09608408 1.32235175 -1.96075154 2.60663789
3.45371987 -0.227166328 2.51664091 4.2794003
1.39188288 1.42574023 2.96731418 3.57421692
0.805453823 -2.15582713 -2.141578 3.14367664
1.49888252 -6.653561045E-02 -0.325870028 1.535339
2.3941277 -2.08511692 2.01526072 3.76043026
2.56675372 2.08717855 -2.24196383 3.99636594
0.59737346 1.47303735 -2.89045959 3.2987044
2.31687397 0.909953872 2.56186098 3.57198163
2.23079332 1.95908931 1.80624398 3.47519598
2.30332472 -2.83207292 -2.21816801 4.27155839
2.43372212 0.710745496 -4.09954716 4.82021259
1.74854509 -1.31576639 2.37131082 3.22672684
2.32486493 2.01783893 -3.42276535 4.60347624
0.924836339 0.294221461 -3.5772736 3.70658535
2.89691599 -0.320161926 2.43176805 3.79580317
2.03391461 1.1800257 2.54294875 3.46350367
0.289067352 -1.99946785 -1.40639234 2.46157897
1.53098761 0.708710942 -3.11795773 3.54511701
-0.794543993 3.252959162E-02 4.97363803 5.0368078
1.75926735 2.09807399 -2.10510735 3.45375347
0.524271666 1.02480579 -2.87144184 3.09358464
3.36304562 1.2185174 3.49000735 4.99750056
1.56345036 1.90551929 1.86532774 3.09108854
0.630032949 -2.59385542 -2.26954008 3.50368943
0.844657082 1.2442105 -2.06445502 2.55411039
-1.45462595 2.47857906E-02 5.21357121 5.41275122
2.43037627 1.28759379 -1.56688495 3.16539966
-0.600224777 0.617942923 -2.85535641 2.98247942
3.85554165 -0.572808635 3.22754815 5.06066973
1.483507 1.97957213 2.15723496 3.28224946
1.45026438 -2.24970482 -2.58870417 3.72368471
1.2951657 0.115753065 -3.12519335 3.38492045
3.14491082 -0.832035264 2.25681786 3.95928953
2.85060638 1.87751721 -2.93848777 4.50396914
0.731898447 1.76434971 -3.91130754 4.35280736
3.24029338 1.69847899 4.46836894 5.77500243
2.05179001 1.48517437 1.79064984 3.10193682
-0.168544009 -1.61867375 -2.76453469 3.20798439
1.25284859 0.397332966 -2.45722438 2.78665655
2.03702367 -0.382697101 2.70467702 3.40752113
2.61810614 1.1793964 -2.64171598 3.9018097
-0.110992472 2.998722996E-02 -3.32560221 3.327589
2.9255226 1.62398553 2.72089013 4.31268531
2.8466911 1.87254851 1.25129262 3.62985142
1.12643265 -2.30705175 -3.33262098 4.20686354
1.62147586 0.38390999 -1.96761304 2.57838553
2.06216807 2.122122211E-02 2.40795323 3.17036689
2.07099506 0.468690036 -3.11716591 3.77165934
0.195514446 0.47944118 -3.75224182 3.78779731
3.47236834 0.777272212 1.43562335 3.8369921
2.43169792 2.33103428 3.02523775 4.5275754
2.42957877 -2.90710776 -1.28339237 4.00015306
1.61839257 0.228401906 -3.03241948 3.44484105
1.71436914 -0.302294374 2.31080238 2.89313862
0.741443965 2.44893146 -2.52038326 3.59156459
0.768712536 1.39805778 -3.04644346 3.43893913
1.57425734 0.786057151 3.2375523 3.68482251
2.85671544 1.7833122 1.2444208 3.59021011
1.57989641 -1.88133734 -1.23664704 2.75041792
2.12897655 -0.439931844 -1.22606554 2.49586015
2.75297808 -0.633370916 3.86220385 4.78504604
1.47258054 1.97320536 -2.27344732 3.35120808
-9.045356201E-02 1.72958061 -3.21821932 3.6546636
3.38369442 1.57079906 3.20765729 4.91994542
1.76304163 1.70361935 0.816056123 2.58390833
1.73662954 -2.49746242 -1.49491907 3.38939282
1.52911558 0.192274915 -2.18511003 2.67392408
2.1129848 3.242426786E-02 3.0684796 3.72576478
2.16565661 2.8601131 -0.652278834 3.64633833
4.840832552E-03 0.953864475 -2.87295267 3.0271666
2.74565722 -0.438594684 1.81033221 3.31787606
2.25221219 1.72634485 3.02493688 4.14764625
2.27175626 -2.47528166 -2.42000085 4.14056758
1.03709536 -0.708810186 -1.53747163 1.9853961
3.61653633 -0.139088344 3.23695935 4.85557272
2.23964868 0.974433899 -3.14589863 3.982741
-0.287995738 0.935209788 -3.41162607 3.54919023
1.87257586 1.85768961 3.92817603 4.73160839
2.15766731 1.63552398 2.45539618 3.6550564
0.492393276 -3.38891364 -2.61058551 4.30608215
2.59160957 -0.253710878 -2.64575643 3.7122549
2.04736156 -0.820911495 2.12197763 3.06077999
2.44698804 0.830585745 -3.38437524 4.25812387
-0.107678081 0.327245633 -2.41102264 2.43551113
3.59950784 0.357656189 4.12267245 5.48459686
2.80582305 1.33501827 3.32779488 4.55292604
2.80179141 -3.14494465 -1.31922465 4.41373602
1.60492897 -0.503155222 -2.8802244 3.33536426
1.73372173 0.348193795 3.20727519 3.66246421
1.53323065 0.989992265 -1.09733255 2.12955855
1.2372012 0.557387809 -2.37748741 2.73747956
2.05919798 1.06626152 3.37139212 4.09188157
1.57801316 2.52520887 1.91529954 3.54050529
2.36003064 -2.9369522 -1.35044605 4.00239146
1.46922659 -0.541790246 -3.59791206 3.92391828
2.80163106 -2.78667784 3.5354055 5.302245
1.50186815 0.841867156 -3.60722755 3.99705377
-0.365474118 0.520965747 -4.19864652 4.24659973
3.0259499 0.329413904 4.59884619 5.51491365
2.73205438 1.96521846 1.54754237 3.70419926
0.629465906 -3.04594865 -3.06570699 4.36721763
2.74945003 -0.90360102 -2.76202276 4.00059245
2.40608532 0.153952949 3.49153298 4.24308268
3.09322584 0.10282749 -1.57396744 3.47217412
-0.107793471 0.925188664 -3.60577435 3.72413778
2.86156544 0.274524272 3.40059465 4.45286024
1.94195892 2.07555853 2.60813355 3.8576558
0.395575412 -1.9009631 -2.0877435 2.85110743
1.66963587 -5.102584502E-02 -3.01535113 3.447119
0.65870696 -0.656097391 2.60405891 2.76504637
1.5256057 1.78005399 -0.383225164 2.37548447
-0.204688643 0.840569968 -3.67139723 3.77195081
2.65966832 0.210222648 2.2779835 3.50816732
3.14127357 1.40328567 2.04857359 4.00418082
0.865142379 -2.27064068 -3.51296869 4.27144349
1.28755257 -0.213871691 -3.41253115 3.65361487
1.58341946 -1.01340178 3.50007834 3.97300249
-0.187505094 3.09406591 -1.70654449 3.53845957
0.96038167 1.85730684 -3.09777703 3.73739805
3.98167881 0.926547164 1.96792773 4.53706903
1.73449813 1.28963724 2.88687077 3.60633759
1.7658347 -1.70118177 -2.87174203 3.77612154
0.431868301 -0.242625363 -2.58638814 2.63339722
3.0796791 -1.34762171 0.299934017 3.37497675
2.61164589 1.04582645 -2.04691419 3.47912416
0.619050494 0.714899215 -2.54148319 2.71172292
2.6492135 0.74142062 2.45273013 3.68563723
0.936766889 1.44064567 2.16248325 2.76212345
0.459229542 -2.46657473 -2.54799912 3.57591697
1.21443061 4.348145224E-02 -3.30718576 3.5233804
2.40912456 -1.94241433 2.33862715 3.87892144
1.03171209 1.10011607 -2.31060827 2.7592745
-0.107770256 -0.200063979 -2.69071964 2.70029854
3.46299624 2.7664989 3.49057593 5.6418064
1.78428214 2.24526357 2.33171745 3.69618418
-0.592368143 -2.79750149 -2.29620615 3.6673529
0.729266831 0.238864424 -2.21053425 2.33994615
2.60346212 -0.688582073 1.35289279 3.01371518
1.9704462 0.814935441 -2.29609488 3.13350119
-4.274494816E-02 0.930617643 -3.11844193 3.254620
3.4565055 1.06496186 2.85082126 4.6052965
2.51609385 2.43329589 3.38462812 4.86902092
0.263208665 -2.1903957 -2.97380742 3.7027885
2.97870587 0.426142919 -1.23805384 3.25377685
2.63124522 0.778781522 4.5434765 5.30783673
1.75937793 0.570362165 -2.96578091 3.49522247
-4.969162925E-02 0.650036695 -2.32425505 2.413954
1.77881351 1.85411096 3.88580716 4.65847638
3.38504235 2.00540985 2.35169791 4.58373902
0.516103446 -3.13691693 -4.06053281 5.15698917
1.53346435 0.848259964 -0.33357884 1.7839094
-0.822377895 2.89955562 2.91588415 4.19357945
2.65401651 2.03072212 -3.64616751 4.94592493
0.661906124 -0.302478601 -2.99543442 3.08257042
4.09121692 -9.291089895E-02 2.691548 4.89807298
1.40697189 1.43836577 2.05471496 2.87581633
0.187974951 -3.26737537 -2.6939053 4.23889162
1.20272082 -0.682111542 -2.57302229 2.92100277
-0.492222012 3.50563784 4.33980033 5.60050409
2.25002733 1.44583143 -1.59012914 3.11152088
1.00639016 0.495478972 -1.87214263 2.1824845
2.93990552 0.456581256 2.63572553 3.97474024
2.05059957 1.65231306 2.6372792 3.72697446
0.482613025 -1.61641935 -1.63400391 2.34855181
0.654422701 -0.142042327 -1.90605051 2.02026573
1.82717894 0.819477404 3.2312919 3.80149621
3.38037112 2.40533638 -2.10987737 4.65447468
1.47887006 -0.279030364 -2.1681368 2.63926728
2.27251692 2.108077516E-02 1.97559256 3.01126942
1.9877033 1.24340154 2.12529332 3.16447208
-0.535478019 -1.64988205 -2.67667346 3.18958121
2.63631725 5.125514892E-02 -2.35390389 3.5346370
1.40838081 -0.90249543 2.59703367 3.08911288
2.93586321 0.594326624 -1.50730869 3.35328144
-0.166920975 0.271711193 -2.4956849 2.5159755
3.78233852 -1.22885448 1.59634821 4.28538161
2.25708562 1.83876991 1.62358244 3.3333962
0.237849879 -2.86865257 -2.08680434 3.55534703
0.902576721 -0.244966426 -2.79952122 2.95160504
0.968523012 0.475695298 2.47709572 2.70191155
2.63457204 2.03596658 -3.65073819 4.94105445
0.204708743 0.236073701 -2.26221132 2.28368923
3.4080761 1.56842955 4.8840274 6.15862628
3.65402469 1.39340904 2.4869314 4.63447009
-0.899355931 -2.05076235 -2.79259603 3.57953348
1.92489204 4.543587657E-02 -3.43270599 3.9358282
1.08471427 0.944193502 5.7443673 5.92164353
1.08280223 1.11051897 -0.829490219 1.75891076
-6.562514499E-02 1.23991127 -2.52363805 2.8125496
2.73109472 -0.179498911 4.07268943 4.90692342
2.4932539 0.894376064 2.78715583 3.84505672
3.30286985 -2.27162628 -0.965625438 4.12330786
1.22938191 1.14628338 -2.68811111 3.17037644
2.41722014 -2.0447326 2.79112542 4.22069493
1.3896261 2.13562407 -6.863984291E-02 2.54885509
-6.481804273E-02 1.07005648 -2.75382955 2.9551310
2.14437529 0.28853194 3.75208906 4.33125483
1.74939231 1.66706301 2.61209675 3.55844376
0.63107122 -2.72239947 -2.65131731 3.85216734
1.87432206 0.884641651 -2.15626609 2.99084561
3.01073586 -1.69731575 0.283373282 3.46781078
3.38870402 -0.26829433 -4.04737522 5.28550309
-7.745337946E-02 9.90009537E-02 -3.45708561 3.459
2.86937912 0.526421129 2.68998963 3.96818598
1.59934495 1.27883201 2.14880235 2.9682768
0.761870946 -2.91449446 -2.8264671 4.13081609
0.627247588 0.442930238 -2.37364025 2.49475345
0.372487455 -0.557071198 4.29681423 4.34875704
1.57484777 1.83721989 -0.819631071 2.55486155
0.883295628 1.35125989 -2.72401712 3.16644655
2.5922996 1.60404113 3.63403768 4.74333163
3.68095071 1.95065846 2.18163538 4.70255244
0.167545821 -2.70842905 -3.16928035 4.17228924
1.42842119 0.201970509 -1.78203948 2.29278082
2.91180757 -2.23072746 2.14552639 4.24947665
2.20842977 1.77504612 -1.60862791 3.25816429
0.390719253 1.63906458 -2.37698639 2.91363322
4.05714061 0.189684519 4.01457151 5.71079282
2.24303083 0.908564095 2.10026877 3.20434157
-0.444110294 -2.23332271 -2.3171096 3.24868607
0.735683306 0.909853185 -2.68952534 2.93302051
2.13286464 -0.646086624 1.88292538 2.91752421
2.94026754 2.975581 -2.49331525 4.8698949
-0.158822482 0.827135534 -3.14593994 3.25673392
2.49634724 0.55662481 2.98056634 3.92751275
2.63280991 1.47310549 1.3483774 3.30451955
1.31779187 -2.14768759 -2.43004321 3.50060672
1.84102582 0.455754825 -2.29192452 2.97489605
2.65903832 0.689982713 3.96281735 4.82187539
2.15563159 0.805099404 -2.70407419 3.55062668
-0.769788578 -0.502648249 -3.77673269 3.88702194
2.21513784 2.31227184 2.65535009 4.15984625
1.25945501 0.912505848 2.71888069 3.13228448
-1.41584709 -1.68464025 -4.44787885 4.96248547
0.844451794 -0.424354753 -2.71958774 2.87912023
0.38659996 -0.176315069 2.25811907 2.29774852
2.157115 0.428070505 -2.67326823 3.46161126
-0.400391925 1.55423087 -2.95630607 3.36388062
2.70047405 9.597244672E-02 2.56247928 3.72398589
2.23024381 1.19493727 2.83155791 3.79731257
-0.694669996 -2.33965542 -1.14331477 2.69512941
1.66918469 0.204375219 -3.53577239 3.91530754
2.10571085 2.31825202 3.66411166 4.82016855
2.72692915 2.29491984 -1.85098803 4.01608719
-0.508275886 1.83102769 -3.61618099 4.08506692
2.85657368 0.263491049 3.39339606 4.44348709
2.22340664 2.46225222 3.1392451 4.56739344
-4.527669628E-02 -2.17946666 -3.37703093 4.01951
2.75715574 0.159004249 -1.58840615 3.18594165
-0.253369353 1.97340971 6.2519751 6.56092483
1.65753643 1.85510567 -2.76207283 3.71724231
0.698065514 0.414725274 -2.6402254 2.76226043
2.62040451 3.80342912 2.91401988 5.461145
2.29199654 1.64534977 3.31440272 4.35266463
0.227695972 -1.83144726 -2.3854732 3.01604491
0.887516924 -0.344713665 -2.76997014 2.9290354
1.281853 0.578636884 3.1420774 3.44247268
2.65828583 1.86669928 -2.45822424 4.07356308
0.29324032 1.58609274 -1.81888723 2.4310555
1.85445514 0.169797789 3.08653292 3.60479134
2.914251 1.65474093 3.65776378 4.96087314
-0.206844299 -1.64652682 -1.11528254 1.99942249
1.89947273 -8.128692096E-02 -2.51192377 3.150296
0.930594481 6.651312091E-02 3.87943251 3.9900409
2.19005946 0.864578784 -2.42121421 3.37729702
0.917529756 1.67508958 -2.16190589 2.88472235
1.44437481 -7.360068503E-02 3.28342401 3.5878278
1.98910668 2.43870947 1.76554382 3.60846148
-0.81057873 -2.69447572 -0.899312905 2.95398053
1.2238881 -0.21917588 -2.00550728 2.35966091
2.90864745 -1.43210669 2.83495003 4.30675066
3.30930683 1.7518057 -2.95555224 4.77028552
1.31680406 0.939952134 -1.96370534 2.54433127
2.27267917 0.84227536 2.93950646 3.80988144
1.45229076 1.25278216 2.26497871 2.96795218
-0.275505662 -1.03228111 -2.20494101 2.45015766
2.12940697 -0.529756773 -1.29894517 2.54995585
1.65973843 -0.374136945 2.335113 2.88919761
0.868265578 1.6317502 -2.65141426 3.23210325
1.02723232 -7.204858144E-02 -3.1186498 3.28426153
2.83166444 0.374170609 2.56699336 3.84028411
1.20090143 3.24879155 2.06557271 4.03279077
0.364519652 -2.07069088 -3.00308321 3.66594382
3.25590176 -0.990468275 -2.49376662 4.21909892
0.329581169 -1.67103171 2.55296226 3.06897166
-1.46211186 4.0132204 -4.78639929 6.41508591
0.763890836 0.404527777 -3.45010072 3.55673543
2.39211553 2.09248498 3.10556807 4.44356423
1.60896129 2.40573266 1.77631588 3.39582157
2.62398808 -3.09747435 -0.886824522 4.15525192
1.39029689 0.228447075 -2.3482468 2.73849896
1.33182197 -1.16049376 3.84273727 4.22931736
0.746332577 2.62377331 -2.7084059 3.8440423
0.323153913 9.159706467E-02 -3.87685066 3.8913737
3.44281102 0.34130704 2.56442774 4.30647511
1.15933217 1.66053651 3.10590735 3.7078421
0.318139249 -3.35215343 -3.01420128 4.5192427
1.47240269 -0.330294641 -1.92324269 2.44457086
0.343404202 -9.955392176E-02 2.85992315 2.882186
-0.43912992 2.24969072 -3.02100535 3.79215199
-1.46815745 0.920581059 -1.87412997 2.55251227
2.79820947 -0.824991672 3.07518121 4.23878838
2.30943559 2.05730929 1.71488467 3.53650162
1.02902741 -3.52246701 -2.37934657 4.37355249
1.98279691 0.364201577 -2.77449698 3.42957138
1.69487872 -0.327495963 2.43865654 2.98779404
2.22822458 0.282321244 -2.78346708 3.57664355
0.378234402 -2.543641153E-02 -2.48579927 2.514538
2.83162925 -0.561349226 2.29283793 3.68650823
2.28687646 2.24962923 3.01954025 4.40548055
1.60347231 -1.65452921 -2.26753624 3.23269407
1.98093682 -0.565155127 -2.28098727 3.0735019
0.655176934 2.27950551 3.91694873 4.57907082
0.154003927 0.403495644 -0.746259758 0.86222362
0.564631008 0.823632135 -3.1043558 3.26101257
0.718061908 2.13713135 1.25034246 2.57804181
1.39305476 2.1846935 2.46480182 3.57613412
-0.609208845 -2.89820721 -3.01958853 4.22949824
1.56728204 0.142520867 -2.44308746 2.90609042
-0.265766104 1.79443475 2.13573098 2.80213749
2.32911571 0.4089553 -2.39452672 3.36538001
-0.29923845 0.208748144 -3.33707274 3.35695903
1.85596204 1.50237957 3.27931386 4.05655505
1.81017402 0.511851363 2.3413766 3.00345904
2.21157029 -3.09994074 -1.24683799 4.00690413
1.50667144 -8.679992951E-02 -3.53767874 3.846136
1.62358555 -0.438340543 3.11554563 3.54045154
1.46769673 0.233546877 -2.89338886 3.25274913
0.820026432 0.267474487 -2.23626013 2.3968407
1.17997691 0.889458744 3.59943706 3.89094198
1.99142418 1.49987792 2.58008997 3.58779435
2.51034327 -3.74711738 0.445551485 4.53224316
2.68507442 -0.136899773 -1.97076706 3.33351
2.57668166 -8.267130853E-02 3.4462038 4.30377085
1.69885838 2.65114593 -0.465990634 3.18305542
0.962497475 4.644724448E-02 -3.28125911 3.4198274
1.49184346 0.565755676 3.24205273 3.61338931
2.71222001 2.38250667 1.66873086 3.97707658
1.54438661 -2.91576595 -2.11854698 3.92110474
2.33509144 0.384175095 -3.31528266 4.07324706
1.25179188 0.854693714 2.93519928 3.30346471
2.2863244 1.8748134 -2.27321709 3.72957377
9.312123864E-02 0.239731231 -2.59792642 2.6106252
1.84865646 0.241150196 3.20346584 3.70646429
1.00375619 2.38768219 3.31089165 4.20363608
-1.24035767 -1.23537455 -1.76259215 2.48422392
0.424017443 0.369487436 -3.28794628 3.3357012
-0.239528441 0.451255242 1.42477496 1.51360128
2.05301508 2.66217902 -2.40166154 4.13159125
0.770355874 1.14127739 -1.94879114 2.38615782
2.46786797 0.603355402 3.92832291 4.67826153
1.49758422 2.12008283 2.36746714 3.51317668
-2.924296521E-02 -3.30226107 -2.37137316 4.06561
1.49802991 0.521803969 -3.28582918 3.64870476
0.112112167 -4.44272659 3.26398799 5.51398279
0.285756015 -1.72555157 -1.47400742 2.28733089
-1.23134005 1.17669772 -3.33714435 3.74664493
2.40209632 2.04490124 5.05155414 5.95566008
1.09902907 1.17093732 2.6357072 3.08640754
-0.213251317 -3.01124369 -1.9894502 3.61538058
0.663705767 2.687872331E-02 -1.8064726 1.9247262
1.38325244 0.421215929 2.88918051 3.23081634
1.77891748 0.726709372 -3.15503628 3.69417214
0.204098777 -3.354077355E-02 -4.21971167 4.224777
2.05263848 1.83323846 3.25136233 4.25974705
1.81642257 1.57561337 1.4598149 2.81300692
-2.478917851E-02 -2.04114305 -2.76969553 3.44065
2.48484906 -7.364763199E-02 -0.951375929 2.66176
1.30907536 1.0910186 3.83489619 4.19647812
1.24587095 1.00004884 -1.57735793 2.24507242
0.842800165 -0.1745792 -3.15523946 3.27052382
0.994823275 2.10347161 3.99060591 4.61943738
2.10051166 1.48271271 2.19491493 3.38056767
0.501525318 -2.09857192 -2.85288026 3.57693409
1.96993057 0.216598766 -2.61585589 3.28180491
2.43287584 0.73360328 3.35025815 4.2049124
1.85421666 2.63973652 -1.29644733 3.47665126
0.298297993 1.46468442 -2.82725195 3.1980675
1.37613557 -0.583198537 2.93409587 3.29283893
1.76785276 1.08658888 2.02875609 2.90203894
0.483804774 -2.50168113 -4.07467256 4.8057707
2.60472634 0.350754022 -2.84109354 3.87032818
1.13940745 0.995858707 4.47590201 4.72479446
3.04499015 1.53451686 -1.70858512 3.81391795
0.239806082 -0.405382063 -2.6599416 2.70132021
3.99942509 2.46798941 4.30073392 6.37045407
0.971696166 1.13148229 2.49880829 2.91006675
0.363143026 -2.94545035 -2.31716314 3.76520858
1.18404396 -0.571224401 -2.10714647 2.48361101
2.25350154 0.868021407 3.2350683 4.0370035
3.37750785 3.03965215 -1.45016234 4.76969761
1.37548894 0.928372065 -2.62388137 3.10460914
3.82913476 -0.424357285 2.42307783 4.55122602
2.40198095 1.06931948 1.6178509 3.0871343
1.24353994 -3.02273742 -3.04404918 4.46649399
2.66004851 0.522173326 -2.55803497 3.72720619
-0.362319031 2.40065435 4.59169643 5.19404394
1.20939456 1.63549801 -2.09858557 2.92259308
-1.58156714 -0.361005703 -2.74068085 3.18480946
2.32420717 -0.376245957 2.34731685 3.32466485
1.88258981 2.35021528 2.04193318 3.63828907
0.713979594 -2.55842939 -2.4084286 3.5855064
1.79755648 -1.04435994 -3.28962743 3.89147088
-0.18384034 -0.206158012 2.72359701 2.7375681
1.07226061 0.933076108 -2.40138167 2.79052106
-0.507240432 1.11726669 -3.29520595 3.51624231
4.32874251 -0.242969745 3.46792333 5.55189501
1.06643102 1.35636675 1.84929332 2.52920771
0.154847781 -3.36716845 -2.62311505 4.27112793
1.24720468 1.91832047 -2.10897193 3.11178977
1.08148064 0.503315514 2.8680055 3.10618454
2.43905377 1.46274505 -1.79397288 3.36258012
0.627753826 5.377054476E-02 -2.71433851 2.7865031
3.34309752 1.45885828 4.54183281 5.82518788
2.19870784 1.72344431 1.9804527 3.42443709
0.171007231 -2.93154881 -3.44730373 4.52847932
1.17539963 0.331002367 -2.77061414 3.02777634
2.21912204 1.43328554 3.63225835 4.49133731
2.59203562 1.6254972 -2.54988008 3.98281034
-1.02449638 0.142471815 -1.50734621 1.8281093
2.30995097 -0.288324754 1.62684069 2.84000269
1.70054626 2.59951169 2.59157144 4.04543708
2.81613072 -2.27976582 1.72543806 4.01311113
2.50166408 -0.958910366 -3.14222743 4.12933717
1.25697996 0.391030673 3.09855565 3.36659334
1.20007649 7.65258682E-02 -2.23634577 2.5391499
0.306323487 4.264974415E-02 -1.85745178 1.8830242
2.67301976 0.257318534 2.52270754 3.6844675
2.94840029 1.49268466 2.64834945 4.23496476
-0.106032832 -3.00791346 -3.29346251 4.46157838
2.3923318 -2.704530606E-02 -2.64078829 3.5633896
1.71586363 0.811913025 1.84545088 2.64746666
3.00810405 0.636389566 -2.90159402 4.22763876
-0.351167259 0.746223661 -4.69722336 4.7690749
4.4981632 0.281116599 4.39679285 6.29637087
2.05293894 1.95508466 3.66287743 4.63180153
0.12804189 -2.39494576 -4.19942252 4.83604275
2.1226235 0.377192473 -2.23054776 3.10211992
1.58282167 -5.706882179E-02 3.98600757 4.2891534
3.10470855 0.213010123 -2.15581172 3.78577768
0.432430605 -0.328088818 -3.61126806 3.65183454
3.24192183 1.43340568 4.50800171 5.73470038
2.68000998 1.28967282 3.69295414 4.74168954
-0.352087903 -3.44726856 -2.98458891 4.57333548
2.23049292 -1.42591585 -3.06132215 4.04722473
1.38280064 -0.124352143 2.49413908 2.85452813
1.43959682 0.642328869 -4.0347923 4.33180959
1.12382242 0.555721942 -2.81187912 3.07871205
2.60882801 1.30360272 2.85816523 4.08343876
2.63579085 1.91081425 2.32693559 4.00165388
0.233288507 -2.45368965 -1.69199397 2.9896254
0.117926129 -5.558011457E-02 -1.26359686 1.27030
1.22185529 2.08970214 4.01926735 4.69193941
2.71112323 -0.769696705 -2.41288481 3.71007214
-7.492048617E-02 -0.168839028 -3.14293979 3.14836
2.0373698 3.06177974 3.12503565 4.82609766
3.59792165 2.13135671 4.25032235 5.96263044
-0.146247758 -2.34838068 -1.92498982 3.04004375
1.47630429 0.5937717 -2.32500019 2.81738621
1.13857671 -0.881206508 2.94918954 3.28185935
2.3798114 2.34631826 -1.98100704 3.88498399
-0.307913886 0.720999123 -2.10393752 2.24526252
1.94981067 1.2691333 3.43692089 4.15028748
2.6391591 1.13536593 1.98908775 3.49437929
1.10585112 -2.31663151 -3.55507716 4.3850042
2.24595796 0.945915555 -2.05869809 3.19019141
1.12468951 0.962717482 3.12856643 3.46116734
1.42614531 1.64849586 -3.22907642 3.89594193
-0.200554936 0.905828315 -2.17952798 2.36877383
2.04711699 -0.165692568 2.58288433 3.29991416
2.22514342 2.01019285 1.76184845 3.47796614
-1.282977 -2.11350912 -1.71659631 3.00992586
0.596788767 0.26319563 -2.44179092 2.52740413
1.95291152 -0.982851038 3.24158936 3.90995667
0.709482992 2.79708282 -1.45049708 3.2297028
-4.231877923E-03 1.10802609 -2.67558065 2.8959405
1.2182993 0.582735492 2.58175414 2.91363832
1.78225012 2.52074588 2.08394364 3.72470085
0.640708124 -3.55054413 -2.63700575 4.46885554
1.75862351 0.325591296 -3.64156627 4.05706436
1.70962867 -1.05248628 3.20068039 3.77821552
1.45425597 1.6867562 -2.01599537 3.00403799
-0.830722589 0.742915653 -3.46117322 3.63617158
1.70951907 7.045661087E-02 2.65279064 3.15669412
3.03856334 1.40960036 1.9525412 3.87714553
0.542442288 -3.18108858 -3.07434869 4.45703803
0.366894136 6.727079895E-02 -2.68167122 2.707489
2.96698216 -1.04376557 3.65519105 4.82212104
1.22182151 1.58743791 -2.34859453 3.08685976
1.03161888 1.67668315 -3.14415294 3.70960936
3.30899695 -0.273410818 3.07912846 4.52827189
1.85411568 1.97351518 1.9528556 3.33858535
0.619010642 -3.08669204 -2.7502042 4.18024701
1.55109585 0.334829889 -3.64738111 3.97761214
2.45527294 -0.849507767 3.67504611 4.50066579
3.54667528 1.60479156 -2.43852208 4.59354454
0.138043766 0.616246429 -3.13276102 3.19577961
4.48275306 -0.179228606 4.06949534 6.05706118
2.45993688 1.34036866 2.15663688 3.53538686
0.354596961 -2.14673982 -1.97477697 2.93836263
0.927536189 -0.590764709 -2.43855027 2.67504276
2.99117514 -0.87052594 3.17185206 4.44585083
1.60367027 2.33930887 -2.05460893 3.5022196
-0.424958907 1.57282395 -3.17637983 3.56983951
2.7230332 0.559958328 2.33183984 3.62849007
1.26061924 1.04639012 2.45950293 2.95520689
1.05141655 -1.5879925 -2.12185043 2.85121837
1.73151254 0.962330322 -1.40467658 2.42844222
1.46706464 -1.07959603 2.36695913 2.98668742
2.2847087 1.91664478 -3.36007416 4.49260719
-0.30654353 1.30912739 -3.19407248 3.46552774
3.60572256 0.651035199 2.14821614 4.24734207
1.84054201 2.3535183 2.13054091 3.66958415
1.67018489 -2.5996835 -1.54526546 3.45481073
1.18057502 0.459770331 -1.28713372 1.80606183
1.3449084 -1.12833776 3.05616075 3.52449191
2.4877018 0.994466257 -2.271067 3.51217435
0.96523395 1.3205517 -4.08332932 4.39876252
4.50222668 -8.744765726E-02 3.03625093 5.4310691
1.70504079 1.10108021 2.4221573 3.16012463
-0.396884795 -1.97146594 -1.7991466 2.69835579
0.76835668 0.573809815 -2.31975985 2.51016244
2.10218635 8.86367574E-02 3.77610996 4.32273644
1.38228233 2.04270187 -1.99965163 3.1752074
-0.382143148 1.40764178 -2.77749678 3.13719255
3.39253759 -0.204410342 3.26730615 4.71448664
2.53363931 2.17507363 2.72853909 4.31221509
-0.364964979 -0.63778182 -1.67752855 1.83141124
1.34715078 1.51276207 -2.8776696 3.51912584
1.29552106 0.435375691 2.75703135 3.07719819
3.05715872 0.654133461 -1.69761985 3.55753049
0.139474653 1.5779593 -2.29366167 2.78752446
2.42149961 0.88463517 3.49944066 4.34653019
1.8204025 1.16572378 2.22164482 3.09975529
0.982691439 -2.35644217 -2.4781797 3.55807207
1.60536861 0.541049491 -1.83331294 2.49619296
0.915535287 -1.00813984 3.62540398 3.87273867
2.17227662 1.37818089 -2.69484892 3.72563807
5.349386422E-02 1.31511977 -3.12592348 3.39172511
2.93235673 0.388353188 3.71361903 4.7476837
1.73364091 1.81293821 2.11744793 3.28265769
-0.589277301 -2.65429672 -3.26797464 4.25114068
1.79895584 0.548955142 -2.82018273 3.38984137
1.61698992 1.82989348 4.63153599 5.23586595
2.46854031 1.34989353 -2.10688709 3.5149505
-9.820939385E-02 0.392256695 -2.51808527 2.550345
3.72540151 1.10608705 3.0317937 4.92887594
1.08510653 1.77812252 2.24864516 3.06522119
-0.477375635 -2.22505354 -1.93980152 2.9902476
1.12958486 0.498200597 -2.16568657 2.49286263
0.353871706 0.575681087 4.27993182 4.33294937
3.24975637 1.88391969 -2.46336998 4.49202198
6.285852097E-02 2.84299139 -3.46496243 4.48246761
3.69280194 0.73097714 3.68171451 5.26556127
2.00837404 2.19413458 2.04751711 3.61111051
0.828474817 -2.92109023 -1.89562449 3.57945957
0.887398667 -0.181103384 -2.30090562 2.47273968
1.33748491 1.10396043 5.27309417 5.55095637
1.57672296 1.73265022 -1.58324542 2.82750741
0.272677825 1.83277298 -3.12461872 3.63271966
2.43723586 1.05489451 2.19319778 3.44427606
2.36673639 2.11473525 3.58621656 4.78899734
1.76893693 -2.92227857 -2.48278542 4.22292237
1.12555548 0.969124747 -2.49452914 2.90323157
1.08105221 -0.251740868 4.85704059 4.98225759
1.94715562 2.08309989 -1.79021416 3.36683634
-0.561076594 1.18163374 -3.36609781 3.61132658
3.24684169 0.380915553 4.16019409 5.29096329
1.33078158 1.44634204 2.61939121 3.27476644
2.44508105 -2.45350985 0.541909051 3.50596596
1.26067953 0.133300961 -2.08926177 2.44378738
5.516146169E-02 8.380443401E-02 4.68885208 4.689
2.11594963 0.463960737 -2.30720812 3.16476092
-0.903658543 0.946516009 -2.82704296 3.11523085
2.89742926 -0.121319758 2.54416306 3.85779477
2.04956711 1.47577181 3.21250802 4.08642087
0.120214932 -1.63128542 -1.98503739 2.57214253
1.15736634 0.861353154 -2.62624393 2.99642842
-0.456223815 3.47211455 3.6185969 5.03566909
2.61823378 1.39420514 -2.44912214 3.84670708
0.719665027 -0.1615528 -2.00272647 2.13422829
3.38226571 0.128129195 4.43070323 5.57559589
1.75030591 0.674623401 2.86396119 3.42358894
0.93919553 -2.7084314 -3.77429874 4.73951684
0.521816378 7.57234621E-03 -1.41222837 1.5055692
1.41780525 -0.286739798 2.62691613 2.99884641
1.56112387 2.49682218 -2.74913527 4.02852001
0.500970013 0.654359705 -1.39270176 1.61826319
3.65625165 -0.760452328 3.12495526 4.86947731
2.42360134 1.87337489 2.44105038 3.91689978
1.10910514 -3.00858705 -2.20544239 3.89174593
1.61799245 0.849399019 -1.6327203 2.45054154
-0.448759707 2.81774666 4.47688762 5.30882325
1.48911051 2.84040184 -2.12708487 3.84835326
-1.33491072 1.5097862 -2.93676564 3.56174584
2.44392381 0.142107832 2.58383068 3.55937343
3.22913772 0.820343847 2.55495922 4.19858441
1.04042152 -2.15339577 -2.75229092 3.64618919
0.486617649 1.48826303 -2.23366902 2.7278198
4.268513485E-02 2.16815606 5.78651304 6.17951907
1.85381082 1.93257129 -2.04141798 3.36731847
0.47716979 0.113030931 -1.80155841 1.86710463
2.31894771 2.2186873 3.1039117 4.46479111
2.53550418 0.914333112 3.15026337 4.14595535
1.86599825 -2.98700718 -2.45928056 4.29560499
1.27199351 0.487655054 -3.37349421 3.63816411
1.65172085 0.23473334 4.24345798 4.55962906
2.17074313 1.43924094 -2.95194229 3.93668687
-0.515974041 0.645455569 -1.83247168 2.01017276
4.71747138 0.340518221 2.13065137 5.18750076
2.7253364 1.44761926 1.73408798 3.53979111
1.51063872 -1.16682716 -2.17682246 2.89518065
8.74956981E-02 0.776203386 -1.92486136 2.0773152
1.21213451 1.697879019E-02 3.7948776 3.98379899
2.65987754 3.04913198 -2.9057402 4.98151387
0.115921833 1.33748411 -2.97134413 3.26055019
3.73330071 8.644972371E-02 4.01829936 5.48559363
1.63129374 0.934588808 2.72792293 3.31302566
1.24371918 -2.33825512 -2.04619662 3.34681864
2.45489066 0.500163757 -2.78883533 3.74890043
1.78261465 -2.33658954 2.53052666 3.8782639
1.91627383 1.38528402 -1.9844679 3.0869451
0.706293446 1.8334062 -1.82611724 2.68233721
2.95482252 1.43707659 3.6200031 4.88882273
2.57387021 1.01993989 1.57736679 3.18640412
9.460965637E-03 -2.46936907 -2.26294291 3.349445
2.16899605 0.253350924 -2.59638711 3.39263269
2.61469275 -0.769236168 1.97197505 3.36407908
2.17684721 1.30481962 -1.89662661 3.16834508
-8.266618544E-02 0.812470928 -2.81811016 2.934056
3.3708472 0.866751615 3.68871286 5.07153544
1.21277728 1.88852231 2.83147365 3.61311338
1.10726844 -2.57214892 -3.16628547 4.22697967
1.76078668 1.16563043 -2.14753651 3.01180628
1.46880959 -0.545397624 2.23668357 2.73086315
1.17727944 2.43622911 -1.77800377 3.23766838
-0.984723331 0.137509211 -2.32008319 2.52415824
2.17506541 0.584408368 3.19250832 3.90698759
2.80903133 1.48007996 2.31582927 3.92993116
0.916443698 -2.60151139 -3.02447657 4.09331028
1.27364366 0.588948087 -1.31765344 1.92489964
2.77899029 -0.15612089 2.38596018 3.66605602
1.1376188 3.00743905 -2.49781057 4.07159966
5.702104297E-02 1.46703059 -2.81217706 3.17234455
2.83135204 0.172449028 3.69384084 4.65733327
1.20368937 1.46959762 1.63196151 2.50437291
0.294486762 -2.40426346 -1.78177838 3.00698179
1.7282204 1.02275546 -2.84604914 3.48321263
1.40663789 0.767237424 1.32790269 2.08101153
0.397435421 1.36223904 -2.16062718 2.58494873
-3.866973113E-02 1.02868219 -3.15712944 3.3207150
2.41066687 0.424267763 2.17895738 3.27706777
1.0218196 2.27601406 3.10989771 3.98695611
0.637065597 -2.36148753 -2.18854768 3.28210555
1.65587622 0.264854231 -2.95085273 3.39405446
1.96929723 -1.29941567 1.85399247 3.00065005
0.83901533 3.12817501 0.106279918 3.24048161
0.693923125 2.05270574 -3.56033035 4.16786304
1.69262601 0.499864038 3.09739551 3.56492718
1.94278701 0.740885369 2.09104813 2.94886669
-0.390434487 -3.20071282 -2.44654741 4.04754196
2.34542666 1.37678861 -1.08210791 2.92703444
2.51385924 -0.463779538 2.9925373 3.93571585
0.823563509 -1.8294208 -2.33475693 3.07833189
-1.22546822 1.53348962 -3.66927192 4.16136026
3.31975567 0.546871711 3.31387504 4.72245849
1.65211132 2.38757374 2.59911392 3.89684145
0.658006845 -3.31407299 -1.91280784 3.88263913
0.858792523 1.00895295 -1.53927425 2.03097904
1.47684801 1.19661633 3.03966014 3.58503897
1.9524442 0.213682143 -3.08284633 3.6553577
-6.550453992E-02 0.851361793 -2.749239 2.87878843
4.36335086 -0.485580831 3.76534562 5.78380905
1.45241768 2.04748041 2.10910107 3.27871933
0.148802857 -3.09921195 -3.61212513 4.76179639
1.3385104 0.764152876 -3.25502754 3.60149191
3.41267451 1.49001698 3.08293818 4.83435681
0.969085778 1.29595816 -0.324299011 1.6503953
-0.871785824 1.23819317 -2.90363858 3.27479004
4.44745535 -0.401304263 3.17702569 5.48036463
2.25879844 2.10800812 1.16246514 3.30108979
0.652998527 -2.76416427 -2.84334977 4.01891143
8.110850528E-02 0.462864507 -2.66595223 2.707050
1.17895202 -0.976621068 2.02699579 2.54016309
1.25844905 1.16292533 -2.07204891 2.6887685
-0.472368399 1.198736 -2.72574907 3.01493082
3.50594186 1.78912304 4.23673529 5.78295042
2.32309495 1.70887041 1.69803064 3.34668736
2.039656467E-02 -2.23823301 -2.13252108 3.091560
0.931670994 -0.221289069 -2.23454736 2.4310865
2.50314737 -1.18300313 3.09059576 4.14934035
2.75036328 0.963540465 -3.89587404 4.86525878
-0.159095791 0.729684689 -2.62336203 2.72759593
2.54984605 -4.889040498E-02 2.431532 3.52369877
2.88589609 1.10993093 1.50384949 3.4382999
0.739376637 -2.73196865 -2.22419191 3.59963333
1.63354794 0.179227932 -0.919828944 1.88326494
1.99391017 -0.259618166 2.8842026 3.5159215
1.959015 1.62742208 -1.98424676 3.2285411
0.451961913 1.17927127 -2.3031701 2.62669808
4.1094913 0.22417669 4.34290538 5.98322665
0.923097367 1.85115421 2.27861806 3.07749588
0.299901741 -1.73354363 -1.64533889 2.40878696
1.16790275 -0.664357773 -1.30535538 1.87331812
1.25462184 1.26238942 3.44756525 3.87987231
1.09814977 1.39891373 -2.84844541 3.35805507
1.21946833 1.24460587 -3.40536381 3.82526463
3.74590783 0.430786181 3.27058302 4.99140416
2.40280718 2.09871762 2.23409521 3.89477591
-7.234222717E-02 -2.17651715 -1.904799 2.8932195
1.33241176 0.828309579 -1.36497706 2.07956251
2.121281 -0.718873745 3.51625536 4.16901238
1.54556569 2.01763887 -2.13941999 3.32216162
1.1473577 0.501744829 -1.81937828 2.20869076
3.83312928 2.057811174E-02 3.60201124 5.26001792
1.97855678 2.26481022 1.53717299 3.3774181
0.425976345 -2.86073134 -2.70241361 3.95831769
-0.4468143 0.532561809 -1.68984826 1.82725265
2.00068795 -0.590334934 2.94148484 3.60604779
0.576124256 2.07406425 -1.63183051 2.70120945
0.416749055 1.51192998 -3.20706687 3.56999859
2.38519764 -0.592978452 4.73271522 5.33285895
2.17994779 2.40885041 2.83306422 4.31056673
0.371225234 -1.70447732 -2.069245 2.70644158
1.40502457 1.16369722 -2.34544022 2.97142644
2.17597467 0.593155772 2.71647192 3.53071087
