-7.76164864 -2.23478265 -4.03989815 9.03095898
-6.43828773 -0.582802887 5.44639561 8.45307241
-3.08034085 1.13825168 8.05740131 8.70090987
-2.8893747 -3.04378774 -7.68425816 8.7556241
-4.12052336 -6.45173015 4.28035045 8.7706861
1.251475 -1.72271243 8.53460248 8.79621324
4.02768557 7.61938296 1.70467114 8.78539421
-5.69374209 -6.19752577 3.19525445 9.00209285
2.17709278 -2.09523975 8.29531552 8.82847791
-5.83483327 -2.71029426 -6.31113185 9.01228936
-7.71856524 0.696984308 -3.07910662 8.33924062
-6.26629569 -0.972488885 6.15936904 8.84025018
-2.27744406 6.712158815E-02 8.28869655 8.59614724
-2.91903546 -3.57587977 -7.2856806 8.62489571
-5.00762601 -5.68480124 3.46564382 8.33090454
3.147473062E-02 -0.784045071 8.64014044 8.67569848
4.693306 7.3286984 1.33099332 8.80389031
-3.85994408 -6.28016833 4.5035532 8.63838376
2.58226878 -1.31363163 8.28909929 8.78082611
-6.52490819 -1.38109622 -5.89303453 8.89998369
-7.62423486 -1.76756252 -3.95546251 8.76920283
-6.37352723 -0.873035604 6.08168063 8.8527329
-2.00881333 -0.540903519 8.76314159 9.00669518
-4.14974804 -3.18923208 -6.75299289 8.54368322
-5.49848032 -5.41350085 4.12376139 8.74898196
0.97288979 -2.21642914 8.60166489 8.93575467
4.02684198 7.82968527 1.77981212 8.98260313
-3.27708695 -6.49254406 4.75060687 8.68681144
1.2747964 0.653518148 8.55564781 8.67475079
-5.8733363 -2.34563828 -5.81261234 8.58979397
-8.00003008 -0.560082294 -2.84262269 8.50850617
-6.27403565 -0.729736695 6.15403268 8.81862558
-2.24818824 -1.77469911 8.72869122 9.1866184
-2.44342985 -3.88223445 -7.66922604 8.93639311
-2.26534471 -7.61577554 4.20534965 8.98981587
-1.29196937 -0.359235335 8.82477052 8.9260747
3.74940928 7.92991123 1.17744439 8.85030719
-5.23295788 -6.05456492 4.22336253 9.04866817
3.55227638 -0.90537316 7.86687455 8.67906004
-6.26536708 -3.03676768 -5.78364895 9.05137436
-7.72817378 -1.52741823 -3.84554813 8.76618029
-6.76673361 -1.62223123 5.36462632 8.7863265
-2.65866946 -0.635828476 8.38377157 8.81818728
-1.73986927 -4.64277636 -7.28481063 8.81197953
-4.70177595 -6.03736997 3.68232287 8.49211604
1.36614601 -1.44482166 8.12783495 8.36753043
3.87366904 7.50719507 1.40858847 8.56431031
-3.23218813 -6.77775667 4.86003826 8.94455127
2.77480703 1.35178799 8.34444951 8.89700637
-6.25644163 -1.70584069 -6.31278971 9.05009769
-7.2935305 -0.15996268 -4.68692486 8.67112679
-5.89999907 -0.532137106 6.2906582 8.64092237
-1.92178829 -2.93557134 7.70186244 8.46342333
-2.94727913 -2.659035 -7.98711719 8.91913462
-5.25625216 -5.63653576 3.9878446 8.67765099
0.878880063 -1.41403623 8.33877508 8.50335808
4.38653465 7.64504126 0.620433383 8.83590854
-3.76305655 -6.90014236 3.88638074 8.76792532
2.16400692 -0.298553884 8.5084861 8.78444057
-6.04010045 -1.42420215 -6.06141512 8.67478636
-7.70124093 -1.06309623 -3.59300931 8.56440315
-6.30590689 -1.1530861 6.18860544 8.91026973
-2.23115819 -1.84782127 7.9931927 8.50197859
-2.86785774 -3.8680003 -6.78501914 8.32000715
-5.5063042 -5.62258726 3.88110264 8.77472684
-1.35621792 -0.266307392 8.59202704 8.70248098
3.2906897 7.96188837 2.40859928 8.94548242
-3.79061824 -7.13326293 3.88054233 8.96163129
2.98286259 -0.658164105 8.30274106 8.84681629
-5.37278478 -4.90406584 -4.61381315 8.61417145
-8.26553016 -0.566649775 -3.24263713 8.89689701
-6.4248563 -1.58995341 5.82593126 8.81749428
-2.52472311 -1.04860794 8.18534544 8.62981375
-2.89528384 -2.5779367 -7.49890505 8.44168248
-6.07417483 -5.18068298 3.37673739 8.66818501
-0.592509083 -1.24424185 8.79211579 8.89946655
1.90357898 8.19622119 2.38258276 8.74519041
-3.6431232 -6.71202909 3.92482771 8.58649834
3.41942758 -5.23374118 6.19288311 8.79979164
-6.58321059 -1.33262168 -6.41084367 9.28512029
-7.93788206 1.28584951 -3.93681859 8.953319
-6.98260022 -0.144549997 5.27739754 8.75377206
-2.5298953 -0.551312582 8.50787962 8.89316206
-3.3897353 -2.91385558 -7.42240726 8.66446705
-6.76725434 -4.72548433 3.19426025 8.85038033
8.855536336E-02 -0.959926697 8.43136955 8.48630036
5.03049191 7.263751 1.33892842 8.93647899
-6.02594563 -5.25091507 3.82780826 8.86206781
2.70971049 -2.787794313E-02 8.1874566 8.62425381
-5.4041679 -2.3682537 -6.48681925 8.76883574
-8.16644023 -3.800226778E-02 -3.26248671 8.79408947
-6.85132939 -0.655226026 5.76859997 8.98035529
-3.39704577 0.280990091 8.01398884 8.70878249
-2.13651413 -3.10686363 -7.87382736 8.73008886
-5.65872627 -4.61904654 4.87834175 8.78379144
-0.336952842 -0.970114969 8.82836419 8.88789483
5.24084626 7.08010303 1.5591372 8.9456826
-4.73850404 -6.60865892 3.46542724 8.83951239
2.64583133 -0.431467 8.12354299 8.55444551
-6.53765544 -0.379525394 -6.01605309 8.89257403
-7.58389404 -4.107703553E-02 -3.45136734 8.33241098
-6.60111025 0.512727646 5.34506148 8.5092437
-1.95016132 -0.543470376 8.40362408 8.64403765
-4.15650846 -2.10017686 -7.44312461 8.77994359
-6.6523433 -4.82579311 3.22658553 8.82908856
1.39422477 -2.1843743 8.5971591 8.97922594
4.09060131 7.74693644 2.23378551 9.04089824
-5.55317842 -5.60256435 4.00510808 8.84688694
3.23246352 -2.71801535 7.43286048 8.54890887
-6.10137776 -0.507578908 -6.52885678 8.95044232
-7.79162309 0.531640921 -4.11860202 8.82920806
-6.06215793 -1.8463219 5.98630914 8.71748591
-3.64693547 6.454740234E-02 7.86584517 8.67039935
-3.72603584 -3.28652875 -7.31345593 8.84145079
-3.121102 -7.30806826 4.42024405 9.09327756
-1.57913813 -0.559401415 8.62445364 8.78565921
4.12510775 7.49539108 1.3166976 8.65627484
-4.99035997 -6.18297994 3.61212084 8.72813557
2.21913323 1.05143571 8.55784033 8.90318485
-6.03243048 -9.76065151E-02 -6.08454926 8.56863374
-7.85808102 -0.149292333 -4.28738755 8.9528441
-6.02228435 -2.03706396 6.3274037 8.96959173
-1.98778779 -7.798524228E-02 8.29947922 8.53456134
-3.80716823 -1.83203058 -7.81041103 8.87994293
-5.15884097 -4.61588364 4.85812205 8.45703091
-0.294764706 -0.273545675 8.27581097 8.28557545
4.26710445 7.3032006 1.04267535 8.52244632
-5.54433963 -5.67456056 4.07469666 8.91871585
2.03388823 -4.5448076 7.29747909 8.83431822
-6.36162503 -2.05226373 -6.16448993 9.09301905
-8.00870085 -0.395434445 -3.39379675 8.70709562
-6.71569404 0.232941187 5.44280065 8.64747865
-2.61979667 1.772773 7.9181263 8.52659268
-3.97230127 -2.77455583 -7.29302332 8.75588525
-6.2090703 -4.7078401 3.77049089 8.65637996
-0.728285887 -0.511910994 8.42645809 8.47334935
4.38243179 7.49941699 1.53318188 8.82029536
-4.29870268 -7.42593552 3.28311941 9.18706896
2.29543313 -2.65096156 7.81087753 8.56191674
-5.12965111 -3.74643712 -5.82090126 8.61579962
-7.95267635 -0.275027449 -3.45762278 8.676166
-6.42968548 -1.87593997 5.73287799 8.81622914
-2.50105248 1.17524619 8.63098026 9.0625762
-3.41678944 -2.26097891 -7.81273291 8.82186326
-5.89452968 -5.35016918 3.43365092 8.66947224
-0.284962314 -0.679093634 8.6474936 8.678797
4.24055529 7.46646653 1.75667633 8.76449333
-4.06049494 -6.51924568 4.7095379 9.00932464
2.08290458 -4.53048513 7.1767868 8.73899627
-6.11048278 -3.27421575 -5.81947134 9.05122838
-7.69040696 -1.57497186 -3.78221719 8.71367101
-6.19200105 -2.11587043 5.99984098 8.87783061
-2.57451379 -1.47767409 8.06435669 8.59333991
-3.6818069 -1.44091851 -7.65015445 8.61143492
-4.12812993 -6.60653236 3.8313006 8.68139337
-0.314239029 -0.729196536 8.56967052 8.60637709
3.16538078 7.88135331 1.93650764 8.71122422
-4.4398983 -6.34318595 4.27422584 8.84407776
3.91706465 -3.28953829 6.75459651 8.47284083
-6.75358509 -1.06510845 -5.80751967 8.97065506
-7.44688447 -1.54388741 -4.34061927 8.75674896
-6.63869713 -0.235970697 6.03921875 8.97775834
-4.11104932 9.176315545E-02 8.04104445 9.03147512
-4.09805214 -0.524984757 -7.45864045 8.52648566
-5.46164687 -4.56459671 4.75069262 8.55769887
0.777204396 -1.5945979 8.5888973 8.77017366
3.01371801 7.47402217 2.33652483 8.39064073
-4.08845259 -6.77512477 3.82409603 8.78871268
2.86762027 -1.02560865 8.21962504 8.76569193
-6.81589215 -0.857884388 -5.93931784 9.08118097
-7.66341621 -0.178533501 -3.55084133 8.44797587
-6.04247693 -1.77678077 5.93349482 8.65302479
-1.85669908 -1.44917042 8.43134555 8.75414268
-4.38636645 -0.787726694 -7.88419813 9.05656139
-5.49744544 -5.64746391 3.60891103 8.66833282
0.78091735 -1.60096071 8.76854722 8.94764368
3.71788581 7.63416405 1.74987761 8.66978704
-1.8671349 -7.18292754 4.28002797 8.56733799
2.59475951 -0.918546051 8.45871998 8.8953048
-6.26079112 -3.22664325 -5.68188716 9.04945157
-7.56072692 0.156621864 -4.31866183 8.70861424
-6.3667188 -1.38392015 6.19249283 8.98873243
-2.60321004 -2.64344917 8.07482054 8.88635205
-3.91263784 -2.30107091 -7.14884986 8.46815898
-4.75043977 -6.12827396 3.9602928 8.70668357
-0.2993447 -1.5097969 8.39068774 8.53069368
4.48376225 7.74865769 1.16141551 9.02744183
-3.25539776 -6.94604895 4.01828811 8.65978348
1.49474976 -2.56191056 8.12739593 8.65171817
-5.50749262 -3.03416051 -6.36252065 8.9454052
-8.15829056 -1.68078026 -3.96082746 9.22338774
-7.1644903 -1.24061153 5.36919789 9.03865721
-1.96617518 -0.639439373 8.43254387 8.68231096
-3.70435947 -2.46347677 -7.68320019 8.87820714
-5.47782014 -5.52635533 4.07115338 8.78187944
-0.421225042 -1.13993354 8.70526208 8.78967957
4.19996454 7.52006545 2.02435354 8.84811244
-2.62279008 -7.11880542 4.20673486 8.67485081
0.810479536 -0.467075746 8.56720994 8.61812758
-6.4685667 -0.184937725 -6.10956883 8.89962856
