-2.94663233 -0.494753603 -3.1678071 4.35458667
-3.21220681 -1.79661789 1.87873898 4.1322837
-0.50391121 8.470645261E-02 4.06432882 4.09632402
1.53229487 3.27210514 1.22136423 3.81396515
0.360707764 2.9682629 -2.93484447 4.18975021
-1.2354474 0.860148917 -3.72866775 4.02108811
-2.52851412 -0.497071634 -3.13147643 4.05544184
-3.22176825 -2.87994207 -0.405353736 4.34029592
-3.21514727 -1.29913252 1.93084677 3.96901582
3.98337344 -2.752550193E-02 -0.413469687 4.00486938
3.17990315 -1.28663355 2.43547954 4.20699067
-3.07203947 7.830314479E-02 -2.54244064 3.98842855
-3.50204448 -1.60081596 1.83809583 4.26679313
-0.853661507 -0.385088963 4.24629476 4.34833884
1.61159606 3.62648307 0.942887489 4.07892855
-0.371423003 3.32879513 -2.55318244 4.21159977
-1.52065341 0.862855944 -3.58658896 3.99005358
-2.6271273 -0.383004548 -2.80996284 3.86579636
-2.48167948 -3.31085113 1.033265616E-02 4.13770166
-3.08742668 -0.920326488 1.94431448 3.7629195
3.98429801 -0.635301235 -0.382710282 4.05274049
3.28947709 -0.278835225 2.36495539 4.06096326
-3.33299401 -0.314045905 -2.64624799 4.26732964
-2.77236239 -2.61712775 1.89767644 4.25870013
-1.16715223 0.333372179 4.0244131 4.20348452
1.38925926 4.08018914 1.14930736 4.46081742
-0.167179709 2.79252822 -3.01052982 4.10967793
-1.18236153 1.23926241 -3.7150454 4.09088162
-2.6388677 -0.610924342 -3.18308437 4.17957862
-3.2860901 -2.53229121 0.173311288 4.15221913
-3.41794342 -0.683038923 1.83477902 3.93894573
4.34572074 -0.138242793 -0.584086041 4.38697576
3.12915528 -0.757322663 2.52674413 4.09262584
-3.1555476 1.03842663 -2.27916569 4.0286979
-2.60286447 -2.67287191 1.71096744 4.10445578
-0.246124339 -0.837595612 4.24655164 4.33535978
1.00107996 3.86419096 1.17054142 4.15984376
0.120773271 2.98661146 -2.6897475 4.02109137
-1.2031179 0.829116868 -4.01691683 4.27440619
-2.44401912 -0.369045788 -3.32391097 4.1421985
-3.94616657 -2.34973748 -0.334281728 4.60491488
-2.92979358 -2.190675 1.5541618 3.97469071
3.98137184 -0.297006239 0.292763477 4.00315437
3.25787337 -0.456840751 2.21872243 3.9680186
-2.897642 7.680524679E-02 -2.71943226 3.97461193
-2.41777301 -2.45758284 1.70911243 3.84790918
-1.01525713 0.30353515 3.81126047 3.95582949
0.672833795 3.94569787 0.941765394 4.11195319
0.117691358 3.11310844 -2.322628 3.88585849
-1.18599349 1.10215243 -3.35535895 3.72555422
-2.53794035 -0.507508731 -3.20268842 4.1177566
-3.06571477 -2.66463833 -1.765888902E-02 4.06192273
-3.15726519 -1.73682235 1.87150106 4.06046692
4.06359884 -0.742285507 -4.89778749E-02 4.13112843
3.49951739 -7.822600533E-02 2.27115637 4.17263616
-3.34725106 0.185159432 -2.59052985 4.23665181
-3.39821184 -2.47813528 1.34438205 4.41546841
-0.846283237 0.216658532 3.96888295 4.06388584
1.7090439 3.52943174 1.10961151 4.07540883
0.252162104 2.97094574 -2.62703385 3.97384086
-0.969002402 1.00874736 -3.70799657 3.96305128
-3.09281289 0.395962878 -3.30339627 4.5425439
-3.40099711 -2.16131015 0.874836929 4.1235158
-3.25520189 -0.988760547 1.96928641 3.93091283
4.28910221 -0.34148364 -0.271372944 4.31122397
3.61709075 -8.935030287E-02 2.36261665 4.32125981
-2.96192573 -0.408466066 -2.59971293 3.96211508
-2.17024624 -2.7152715 2.00725368 4.01394262
-0.409141448 -0.609170839 4.02078039 4.08719474
2.06362375 3.56788896 1.2876851 4.31816021
-0.980634519 3.43011789 -2.55905713 4.39045855
-1.05574911 1.29756628 -3.44351231 3.82832358
-2.7408162 -0.80359232 -2.9397246 4.09875771
-3.23304857 -2.61225166 0.46930656 4.18290694
-2.97254496 -1.42147405 2.17899873 3.95027182
3.97734996 -0.687470319 0.151009373 4.03914991
3.57014781 -0.31010144 2.07805964 4.14251737
-2.88252963 -0.239115275 -2.54887491 3.85524532
-2.64084053 -2.81220849 1.76224228 4.24123251
-1.1526676 0.502307223 4.12247255 4.30995767
0.592924647 4.01150607 1.6049454 4.36114553
-0.258827247 2.93925296 -2.6362184 3.95674702
-1.39461633 2.35186807 -3.0946712 4.12955541
-3.15692494 -0.173420126 -2.54671427 4.05980334
-2.65173753 -3.25898703 -3.117460133E-02 4.20162829
-3.42349453 -1.71869128 2.25968587 4.44751557
4.02894362 0.660346089 -0.23181671 4.08927654
3.04457159 -0.360337641 2.5870463 4.01149198
-3.36264304 0.477344363 -1.96476578 3.92371386
-2.66107342 -2.57826962 1.68051146 4.06852612
-1.0366942 0.359853916 4.28211165 4.42048752
1.19114022 3.88191875 0.985099079 4.17834038
0.413885433 3.08691291 -2.81779716 4.2000373
-1.62345025 1.89828806 -3.35118169 4.17965394
-2.27646672 -0.669441857 -3.10227557 3.90570952
-2.33978117 -3.23918876 -0.310536701 4.00791128
-3.19718532 -0.842268321 2.29392736 4.02411638
3.93739356 0.512995802 -0.431718573 3.99407231
3.25894342 -0.42814359 2.37025987 4.05242533
-3.00070434 0.391656077 -2.2822509 3.79028893
-2.26470488 -2.56299381 1.84433625 3.88579486
-0.562036616 -0.108823801 4.29136912 4.32938525
1.07609505 3.67490539 1.29871348 4.04345977
-0.112822777 3.30615021 -2.4992015 4.14600607
-1.905434 2.03063225 -3.15474506 4.20791664
-2.90090934 0.585034435 -2.36109035 3.78580083
-1.93795698 -3.66569996 -0.140599028 4.14883135
-3.06977329 -1.86739765 1.87888813 4.05473829
3.79179384 -1.28428217 -3.144871209E-02 4.00350724
3.19923675 -0.345450551 2.27750197 3.94226674
-3.58596232 -9.374578607E-02 -2.31355669 4.26854291
-2.90276142 -2.21155854 1.46831163 3.9335676
-0.95796981 6.064663775E-02 3.99886033 4.11245281
2.00412962 3.11674994 1.02124249 3.84364436
0.379205659 2.97725138 -3.04974012 4.27887106
-1.58893007 1.59101174 -3.41590445 4.08955014
-2.67404861 0.134315369 -2.95399631 3.98681211
-3.12430466 -2.33784701 -0.208687699 3.90773064
-3.50109133 -0.896903211 2.00552363 4.13330387
4.21278178 0.638852215 -0.377635569 4.27764785
3.03609541 -0.372943163 2.55478185 3.9854576
-3.33246594 0.868782123 -2.37709542 4.18457814
-3.39389973 -1.83989697 1.38875135 4.1027316
-0.199406778 -0.38575665 3.87331431 3.89758066
1.83760331 3.42158821 0.741654466 3.95399838
-9.677025743E-02 3.31459121 -2.40280411 4.09503931
-1.75234809 2.33798663 -2.88208988 4.10406474
-2.37800258 -0.519322978 -3.46047969 4.23078153
-3.40996361 -2.71960193 -0.358198625 4.37634468
-3.10615416 -1.39373646 2.1462839 4.02457819
3.84747973 0.305899447 -6.335622987E-02 3.86014103
3.32986555 -1.03877046 2.03074402 4.03620737
-3.27839979 0.936877024 -2.14591671 4.02872216
-3.07154328 -2.58645813 1.72910492 4.3719501
-1.46188285 1.400420113E-02 4.02385241 4.28120145
1.83824461 3.15133956 1.36125452 3.8939823
-0.209463308 2.91051934 -2.80381752 4.0467753
-0.766784706 1.34285905 -3.49328833 3.82024771
-2.17657845 -0.109423694 -3.5722161 4.18451851
-3.27228873 -2.77846612 0.268694501 4.30115615
-3.50754392 -0.467426446 1.84937175 3.99268427
4.14065071 0.667457578 0.183325492 4.19810626
3.24056115 0.441148093 2.01839181 3.84314373
-3.17016672 -7.360863168E-03 -2.41094223 3.98279471
-2.88193267 -2.33583808 1.78080119 4.11496395
-0.815538858 0.191235859 4.06894986 4.15427825
1.83536425 3.38337615 0.918298875 3.95715414
0.316842165 3.16642921 -2.82038967 4.25220658
-1.88382579 2.42030451 -2.69881349 4.08537241
-2.72618059 2.906929882E-02 -2.88728222 3.97105833
-2.86447441 -2.76973818 0.348994293 3.99980753
-2.92376607 -1.84331896 2.38573907 4.19975996
3.99195369 -0.871317923 0.367199572 4.10240475
3.23352039 -0.118046639 2.18297736 3.90320116
-3.40331954 0.883139682 -2.33240767 4.21931809
-3.15364678 -1.68597279 1.76275275 3.98688971
-0.379775319 0.13392619 3.9178672 3.93850846
0.742201405 3.85399866 1.63179744 4.25052132
0.279053908 2.52553152 -2.85562371 3.82240335
-1.50290877 1.45200021 -3.50746623 4.0828126
-2.47124715 -1.09358464E-02 -3.40029626 4.20347436
-2.57953116 -3.00150249 -0.330530662 3.97142905
-3.77914847 -0.438490905 1.80807337 4.21228759
3.77650484 5.626104892E-02 -9.060496422E-02 3.7780105
3.24332241 0.552006562 2.16522063 3.93853169
-2.98999057 8.083243947E-02 -2.83447559 4.12078019
-2.00178173 -3.06340498 1.354091 3.90194087
-0.787860634 6.843240923E-03 3.65594814 3.73988343
1.42903171 3.63596664 1.29846905 4.11684429
-0.205946958 2.87383944 -2.61144472 3.88857439
-1.40262912 1.67594576 -3.04064536 3.74455429
-2.08657247 -2.298682518E-02 -3.29588351 3.90091799
-3.07201968 -2.81086139 0.654728559 4.21508199
-3.80079955 -0.638267622 1.50097478 4.13598696
4.05029347 0.171603501 -0.164331229 4.05725643
3.72605343 -0.35062091 2.01658517 4.25123805
-3.40637836 -6.321935772E-02 -2.19521927 4.05294928
-2.38094433 -2.45973541 2.42398704 4.1946284
-1.51285499 -3.693422528E-02 3.88837867 4.17247925
1.55831414 3.66176567 0.814660457 4.06208597
-0.219759502 3.30595195 -2.42106124 4.10355335
-1.64727187 1.76480015 -3.11635966 3.94204537
-2.55810343 0.640295969 -2.9827369 3.98128013
-3.37539432 -2.20721491 0.704290935 4.09403349
-3.49643914 -0.915172986 2.13406215 4.19724309
4.09807486 0.105007414 -0.335655214 4.11313853
3.25520958 3.845447723E-02 2.3220904 3.9987463
-3.55391481 0.836571178 -2.09736832 4.21059565
-1.76961981 -3.17490869 2.21002858 4.25391887
-0.724373945 0.196295181 4.09415926 4.16237786
0.693321741 3.98533216 1.19599616 4.21829044
0.251708246 2.69026732 -3.06536681 4.08624143
-1.96476615 1.78316594 -3.12926705 4.1027185
-2.93698349 0.592085824 -2.81672253 4.11222123
-2.57088274 -3.06216049 -0.604240877 4.04368297
-3.56661112 -1.02687202 2.17213606 4.30039023
4.13360922 0.414174203 -0.176522195 4.1580555
2.98248734 -3.496817689E-02 2.49461491 3.88838746
-3.2363007 0.622346203 -2.61227621 4.20534708
-2.56731948 -2.74153079 2.1458731 4.32572442
-0.780617954 0.106212054 4.04535875 4.1213557
1.43216822 3.88259303 0.726736868 4.20164026
-0.315123292 3.59815622 -2.24072019 4.25051265
-1.67166095 1.71751752 -2.94526031 3.79721938
-2.58328149 7.782106899E-02 -3.26745735 4.16601451
-3.49669804 -2.53254993 -0.188507578 4.32160172
-2.98174893 -2.01328687 1.75876752 4.004674
3.94703947 0.290750431 0.147345157 3.9604756
3.51411269 -0.945470195 2.44757596 4.38560485
-3.3228585 0.588833782 -2.44514634 4.16735582
-2.56623843 -2.26302027 2.03993003 3.98348528
-7.194454487E-02 -8.404462905E-02 3.92631223 3.92787057
0.767970748 3.47747126 1.06540803 3.71721397
-0.387029542 3.37156117 -2.51827858 4.22598433
-1.51750791 1.76353111 -3.15986082 3.92397663
-2.72183605 -0.206440577 -3.05007983 4.09316456
-2.68503503 -3.51739505 -0.222543851 4.4306892
-3.30465323 -0.451768969 2.18442781 3.98704815
3.85714764 -0.1663167 0.132024638 3.86298843
3.06464617 -0.102315595 2.35243351 3.86477271
