8.28000645 0.269124869 1.72851727 8.46278364
-1.95312155 -0.516468437 8.07122792 8.32022498
3.51678418 3.29674484 7.5307405 8.94138412
5.78097278 5.81168891 0.444407611 8.20931619
-1.42980441 -0.104939603 -6.40715484 6.56559107
5.06788521 1.5636418 -6.46604006 8.36290083
7.82633606 1.79693017 -1.66648783 8.20107772
5.03532101 -0.509225038 7.86109746 9.34936475
0.826469238 1.84051336 -6.43749125 6.74624595
8.11532767 1.62400331 2.51436713 8.64973826
-2.14607819 -3.01210266E-02 8.33782847 8.60964241
2.50567895 4.64516728 6.57716308 8.43297576
5.87766405 6.60893592 0.58108374 8.86355612
-1.6083028 1.93296182 -6.47331506 6.9445509
5.53553162 0.519395654 -7.42963966 9.27962433
8.16970416 3.45272042 -0.761089076 8.90194366
4.30804505 0.469687816 7.74561519 8.87549511
0.574950627 0.321850795 -8.85688748 8.88136318
7.64787891 1.39490236 2.80696587 8.2652805
-2.85618445 -0.835644926 7.99449129 8.53041517
4.85109051 4.21829642 5.91814815 8.73793919
3.26336389 7.33427154 0.537741798 8.04551112
-3.4406132 1.15945306 -5.52760367 6.61336169
5.40051977 1.00919738 -6.20470084 8.28748488
8.75843142 1.90925434 -1.21761732 9.04643383
4.77237271 1.14310103 6.9420764 8.50144964
3.79193569 0.791189774 -6.58543218 7.64020121
9.6296499 1.1217983 1.93747357 9.88647523
-1.72660864 -1.10143132 7.67615256 7.94466151
3.0361184 3.66023154 6.69852892 8.21496194
4.61099672 6.34915738 1.94219399 8.08363827
-3.72122582 2.18346681 -5.05070213 6.6426381
5.30693094 0.633428673 -6.06458747 8.08356165
8.27547437 2.59633436 -1.13471977 8.74711479
3.0434355 1.8917772 7.97290786 8.74120017
2.08635349 3.40886583 -7.84528488 8.80464263
6.59497351 2.93264186 4.34277289 8.42340431
-2.63208093 -1.24358199 7.87876337 8.39936059
3.59611283 2.65610524 6.2408064 7.67688655
2.88309965 7.56733119 2.21130059 8.39443954
-2.65602731 1.98062067 -6.04805382 6.89610718
4.52175917 0.866986932 -6.83430515 8.24049145
7.67611764 2.65527907 -1.8215014 8.32413096
2.9605151 1.24423465 8.26260015 8.86472396
0.870404981 0.281826258 -6.01245212 6.08166189
8.30163228 0.508029424 2.33153827 8.63778114
-2.80908345 -0.989795622 8.9935394 9.47387968
4.54456326 4.39654011 6.16945052 8.8342934
2.25868803 8.72796848 1.89124321 9.21172656
2.03425395 1.0501214 -5.92349246 6.35048872
5.3576418 1.36254965 -6.56076061 8.57930341
7.72796857 4.26062207 -1.99934907 9.04830345
3.05507096 -5.676494364E-02 8.18790104 8.73947392
1.70697517 5.0385689 -7.21578124 8.96484465
8.61461677 1.25880323 0.388989647 8.71478747
-2.33532387 -1.13819727 7.67888948 8.10645264
3.28799635 3.76064204 6.74079395 8.38997328
5.37350088 7.09774201 3.01058849 9.39766441
-3.00665024 0.32167021 -6.40567456 7.08350788
4.65484325 2.11320091 -5.64896764 7.61866256
8.36111606 2.25697995 -2.04657949 8.8989161
4.85134744 -1.90038561 7.3967532 9.0475961
0.808344728 3.07507819 -5.54162751 6.3889876
7.77510457 1.80205541 0.479368147 7.99558932
-2.28077665 -1.14424361 7.85976348 8.26360197
4.72461232 3.80938458 6.03820788 8.56115219
2.3916381 7.40122494 2.47498263 8.16232825
-3.26486337 3.461111643E-02 -6.8558064 7.5935902
5.26285247 2.04708389 -5.02627686 7.55986955
8.57410661 2.59300183 -0.837761101 8.99671086
2.92573992 -0.50673882 8.66904074 9.16346035
3.26884344 0.164636678 -6.35967724 7.1524777
9.28866514 1.29003791 1.50700541 9.49813472
-2.53207452 -0.45974513 8.0174344 8.4203338
3.30201957 3.27628221 6.90788725 8.32804086
2.25748301 7.58408253 3.54008155 8.66872047
-3.31919282 2.78743276 -4.76152347 6.43886077
5.81090489 3.01256704 -6.71371872 9.37636363
8.294836 3.41006345 -1.0797197 9.03319609
5.72385918 -1.26189225 6.62844915 8.84823565
3.18267583 0.533536197 -7.18052407 7.87235747
8.06981916 0.58540451 1.36237601 8.20492219
-1.66069554 -0.676983054 8.34549315 8.53601029
3.55760911 3.45239136 7.13561248 8.68864513
2.39178433 8.10216101 2.25202008 8.74283934
-1.78071284 2.3669039 -5.05397796 5.85797452
4.32549826 1.49662878 -6.87307168 8.25765992
8.65571426 1.77856007 -0.586012317 8.85596272
5.34819481 -1.21556801 6.88559957 8.80296965
-0.115004173 3.02662588 -6.27575344 6.96841241
8.35610707 0.886772617 1.23536949 8.49335203
-2.31283172 -1.9930536 8.9271274 9.43477911
4.61657514 4.05458906 5.46506591 8.22310184
3.24586478 6.79901323 4.06207576 8.55936204
-2.73496976 1.33246373 -6.37838441 7.06677485
4.83252386 2.02104888 -7.18862905 8.89462271
8.72548536 3.37201326 -1.03852581 9.41185976
4.10934496 -1.20600665 8.47730444 9.49767649
1.30328018 5.05949002 -5.36777903 7.49066287
9.58114388 2.00215955 1.89408447 9.96967988
-1.26443371 0.993816721 7.24064322 7.41710041
3.20776074 5.02777255 5.37557092 8.02900918
1.80229811 7.18943335 4.13505865 8.48734001
-1.31830862 1.79805093 -6.78951973 7.14622298
5.03837461 2.26440293 -6.61301864 8.61653961
8.86014782 3.3910477 -1.02590374 9.54221684
5.07212817 0.72677941 6.74798073 8.47289422
-1.43426578 3.61295408 -5.84395915 7.01871884
7.78760777 2.43966192 2.14181663 8.43718931
-3.4294255 -0.66905199 8.64959621 9.32867109
2.86123595 4.33182797 5.65085272 7.67356118
0.315527192 8.19801656 3.36442065 8.86715057
-0.564857556 1.37363508 -5.42860418 5.6281152
5.15774925 1.62775887 -6.74597915 8.64639873
9.12407923 2.14420446 -5.624378965E-02 9.37281163
4.48047746 0.124444604 7.8225214 9.01565337
5.00052808 4.75939755 -6.35241605 9.38138241
8.70227379 1.1124039 1.63464733 8.92407326
-1.94967946 0.161114305 6.57583635 6.86067282
4.40304064 3.7852895 6.68254578 8.85277367
1.90031015 7.49953123 2.08470519 8.01249918
-2.57610338 -3.508680264E-02 -7.66453046 8.08594873
5.11179075 0.546297017 -7.0593508 8.73288491
8.69991526 2.46571235 -0.579235355 9.06111343
4.02182674 0.720529571 7.53059372 8.56761898
-1.55299383 4.6249978 -5.99491608 7.72925697
7.59887732 1.29031909 0.843169171 7.75363103
-2.26908578 -0.669060158 7.06547739 7.45099742
4.59524005 4.63484134 6.3886967 9.13309536
0.995185085 7.21219602 2.84124475 7.81529504
-2.31137911 -1.4599199 -7.96039111 8.41674915
5.1196287 1.49397838 -6.4116913 8.33980544
8.73528365 3.64679207 -0.429682728 9.47570051
2.62638241 1.65122236 8.34977518 8.90747806
3.07970576 3.29663026 -6.0531339 7.54935684
8.36198307 1.09972951 1.52110837 8.57006047
-1.39995828 1.82725486 8.65482573 8.95571057
2.37369622 4.10850422 6.69596874 8.20671908
2.60362803 7.73238093 3.14972427 8.74581939
-1.60771164 2.05537117 -6.38300222 6.89579616
6.10637818 1.38348639 -6.48522887 9.01443745
9.1079116 1.37788438 -0.92519753 9.25789445
3.30733226 1.24430642 8.06664739 8.80667617
0.515067605 4.01627693 -5.90401857 7.15913474
7.10020186 3.5007334 1.55493727 8.06757899
0.756887431 -2.52994376 8.90089328 9.28436294
4.64290079 3.94071879 5.81132342 8.41767618
0.413576383 8.37029198 3.42754207 9.05432924
-1.36843008 -6.203583424E-03 -6.07337639 6.22563572
5.64736773 1.0822775 -6.52446185 8.69670566
7.60421932 2.88946303 -2.16921125 8.41894444
3.63703322 0.365729748 7.31625139 8.1785881
1.63147575 2.94245524 -6.74630706 7.53872767
8.33139897 2.28023374 1.85428993 8.83459483
-0.783453308 -0.956656981 8.72426979 8.81146271
5.29583749 4.63008923 5.43929467 8.89210591
1.55280019 8.08945238 2.09087306 8.49836328
-0.450779325 0.5988463 -7.20218899 7.24108729
5.76735095 2.03161081 -7.56046189 9.72370112
7.64047351 3.53335738 -1.92640761 8.63553681
4.52313165 0.789802524 6.62431525 8.06002856
1.61415671 3.59150131 -6.96807214 8.00364997
7.10680576 1.72455492 2.54857175 7.74441707
-3.09224442 -0.866266675 8.59535678 9.17564993
5.18245406 4.64043735 4.54520346 8.30965483
2.35478086 8.38847055 1.97194248 8.93308392
-0.256305034 1.44190682 -6.95042901 7.10304519
5.27129916 -0.143983004 -7.59519882 9.24631662
8.19093239 2.09034747 -0.39015719 8.46245524
2.8526627 -0.130600028 8.5155298 8.98159165
1.95617568 2.52433617 -6.66515736 7.39075227
8.57791578 0.91553388 0.782656448 8.6620663
-2.44865777 0.21231388 7.22315354 7.62987216
2.45215586 4.76150282 6.10608555 8.12214616
2.38685643 9.67442126 1.58220993 10.0893458
-1.88362607 -1.27502648 -6.8354772 7.20399114
5.1021249 1.75759133 -6.15193526 8.18334365
8.24773168 1.98703542 -2.01537856 8.71981298
4.06816659 -0.551587519 7.62845882 8.66300249
-1.09062876 5.13523217 -5.99764433 7.97068492
7.6991775 3.355176 2.23015599 8.68954176
-2.67553662 -0.412624923 7.65439268 8.11901982
5.02145196 3.98297703 5.47358098 8.42847403
2.50504624 7.41581361 -0.935310695 7.88316905
-3.43815916 -1.74820249 -6.00555026 7.13749146
5.22921937 1.50754881 -6.33247926 8.3497145
8.5355265 3.17392609 -1.06010929 9.1680342
4.0436068 1.493106193E-02 8.85186499 9.73172609
1.10405137 2.94141275 -6.35238237 7.0868611
9.14830582 1.11130418 1.32693226 9.31059856
-2.79510211 -1.2888953 8.90069364 9.41786569
2.49174927 3.74999532 7.39788458 8.66025263
2.42503499 7.67578153 0.257106086 8.05385127
-2.10455523 -2.88314471 -5.60910122 6.64858577
4.50736389 2.15089967 -7.12994933 8.70510632
7.8371139 2.15254579 -2.48160044 8.49777315
4.28075735 0.277641877 7.40624703 8.55888215
0.154651058 1.59742686 -6.93572912 7.11899065
8.53968401 2.16117231 -0.479729676 8.82196176
-1.87478521 -0.80246132 7.89511357 8.15423706
3.4840649 4.65176244 6.26997425 8.54927945
3.34226915 7.62057213 0.414479459 8.33160704
-2.51084897 0.202106644 -6.14146068 6.63797777
4.57613262 1.61019111 -6.24437812 7.90733604
8.230215 3.11140797 -1.03117983 8.85892942
4.09482528 1.34301353 7.76365954 8.87950949
-0.329005944 2.04996808 -6.29871655 6.63207692
8.67490087 1.95750836 1.05822492 8.95575703
-2.61791174 -1.28736525 8.0056907 8.5206722
4.67343043 3.01846309 6.26263114 8.37690994
3.28957966 8.4124857 0.486691082 9.04588957
-2.36048242 -0.137637066 -5.51340832 5.99904096
4.01092053 0.305781213 -7.76502655 8.74509136
7.40865615 2.30383573 -2.35041386 8.10680519
5.01597645 3.17019407 6.21257614 8.59105654
3.4060176 1.4061978 -6.92473115 7.84412198
7.50732362 2.07343064 1.46414486 7.92481815
-1.24657837 -2.82292661 8.66641057 9.19943175
4.6381847 4.0454885 4.93299481 7.88753271
2.21165266 8.6672055 0.3493928 8.95175591
-3.51869475 -0.365575124 -6.69548115 7.57260363
4.6093846 1.21188672 -7.40850442 8.80914488
8.59038157 2.40862316 -1.84154693 9.10974292
4.95338887 1.55916883 8.04492291 9.57537745
-1.28170192 1.75687417 -7.96119328 8.25287617
7.14700761 2.64547455 2.14051538 7.91581073
-1.18154918 -1.26801517 8.38399699 8.56126897
3.91945675 3.68877777 6.81618837 8.68502427
1.9413162 7.37744615 2.64210924 8.07317543
-2.65065413 -0.21713973 -6.05415456 6.61255657
5.9604069 2.74915088 -6.55074856 9.27343451
7.99758688 3.51951499 -1.25420024 8.82730989
3.57178488 -1.373687 6.79238823 7.79622993
0.35993903 2.8437169 -7.70479893 8.22071825
8.30246175 2.59647889 3.26354927 9.2910348
-1.12044757 -2.22830899 7.38989401 7.79944211
2.55609277 4.01197922 5.77549708 7.48237623
0.316445846 8.74465851 2.11329784 9.00195635
-1.98768002 0.905085262 -5.78307329 6.18174635
5.72202931 1.63516953 -6.92869037 9.13357264
8.38437961 2.65266533 -1.57556844 8.9340288
3.94300367 2.35491174 8.1086906 9.31899943
0.219093101 3.44487802 -7.78519867 8.51613203
7.05045061 2.46264794 2.46736812 7.86520147
-0.307742385 -2.23868449 7.97135502 8.28546404
4.77987875 3.95692704 5.3264631 8.17775774
2.05873213 7.9855484 0.902380425 8.29588161
-1.23377449 -2.105869 -7.5121964 7.89873271
4.90631151 0.177538376 -6.93786405 8.49925703
7.87158496 2.18937961 -2.08461331 8.43213173
4.45453916 1.278317 7.39318376 8.72560483
1.41584654 4.52310401 -6.12105614 7.74147399
6.883972 0.358847562 1.46517515 7.04731014
-1.48496649 -0.898328723 8.60805817 8.78127471
3.45375754 5.46406759 5.5093395 8.49336785
2.08070903 8.4026302 1.23930707 8.74467989
0.117581533 0.794513264 -6.98270183 7.02874111
6.31659265 1.37922073 -6.43711208 9.12348642
8.13418275 2.57446729 -1.43522632 8.65174464
2.47583804 0.286353586 6.98706424 7.41827737
1.45918738 -7.722882391E-02 -6.63462043 6.79362793
8.691068 3.00810013 2.20140911 9.45671885
-1.09636737 -1.20928605 7.64413771 7.81647206
5.10102571 3.61093578 6.6467224 9.12349928
0.592350548 8.16150371 1.14570319 8.26278753
-1.95555289 0.661715441 -5.84914636 6.20278709
4.11396347 0.278519644 -6.53857546 7.73015121
8.43372091 3.39780493 -2.40168905 9.40429886
2.82495918 2.32033804 8.11051182 8.89633436
-0.637899599 5.37604131 -5.39173416 7.64065006
9.78909954 3.12294481 2.66348756 10.6147737
-0.731721535 -0.654750562 8.16670005 8.22551545
3.28288493 4.2396765 5.67065931 7.8043941
1.36409536 8.09393158 1.06685914 8.27711743
0.31482016 0.889636574 -8.03785958 8.09306812
5.11617152 1.63811011 -6.56832702 8.48537186
8.4300432 3.5044114 -2.12320668 9.37307496
4.02489503 0.414438029 7.68245854 8.68283987
2.78859993 3.43907536 -6.66783191 8.00396847
8.62914458 1.94885109 3.272682 9.43242303
-1.31449018 -0.507876182 8.53797633 8.65348846
3.9966735 3.44016264 6.87039161 8.6608544
1.73069561 9.25389158 1.01791592 9.46921166
-1.30997822 -1.69586563 -6.31483902 6.66852271
5.6990688 1.55079805 -6.3827698 8.6962124
9.87871007 3.0634644 -2.55659731 10.6541033
4.05897226 0.682616622 7.19868066 8.29229911
1.03795364 4.1539288 -6.3857949 7.688358
7.9170938 2.11900228 2.0033504 8.4370586
-1.9916829 -2.32203618 8.51289001 9.04588023
3.3342866 3.48220786 6.98261536 8.48529056
1.55721022 7.67599373 1.54576686 7.9834315
-1.71408842 -1.11310103 -5.42245487 5.79483475
4.94468361 1.43131479 -7.44383897 9.05037549
8.20151877 2.23344398 -2.37425827 8.82554726
3.71045113 3.03086706 7.84071154 9.18859947
0.706036378 0.348346608 -8.00872713 8.04733142
7.57991643 2.6162965 2.17033103 8.3072545
-1.78677002 -3.36654857 8.35768759 9.18570292
3.0275549 3.8906613 6.9712527 8.53824913
-7.467037659E-02 8.72718415 1.76504613 8.90419602
3.23519791 9.881177711E-02 -7.56037596 8.22408377
4.40221215 0.353670786 -6.27424606 7.67272562
7.98137949 1.22629877 -2.94035407 8.59371336
3.66960695 1.61026189 7.24052316 8.27551413
-5.122079286E-02 4.02932366 -6.16508926 7.36521543
8.61975557 1.52478592 0.962431938 8.80632917
-2.3459739 -1.88066881 8.61403874 9.12371482
4.24927079 4.87502172 6.337536 9.05463978
-0.52836315 8.26406938 0.638732893 8.30553972
2.04831527 -0.758236014 -7.26368264 7.58495899
5.92608296 1.47312551 -6.27367686 8.75486033
8.36372014 1.27810365 -3.38452081 9.11264751
3.49378731 2.05501422 7.22985701 8.2885744
-0.93221695 2.55093458 -7.2935391 7.78280208
8.49887671 1.8969629 0.425258777 8.71838394
-1.05319262 -1.93624359 8.1726244 8.46463488
4.14549595 3.36343669 6.75552587 8.61016683
-2.11230261 8.46224172 0.982678875 8.77707326
1.0649905 -1.54753628 -6.9833339 7.23159911
4.32183265 -8.140376433E-02 -6.47220984 7.7829534
8.26094429 1.65569853 -2.56162668 8.80604732
5.45010589 0.417115316 7.0531393 8.92325128
-1.30337434 2.9421859 -7.0041036 7.70796405
7.79295569 1.13247409 1.35781062 7.99101405
-3.11871926 -2.54803559 7.82797757 8.80318851
3.14079023 4.44650158 7.12696469 8.96825319
-1.65204048 8.42717933 1.30490142 8.68615893
1.48166484 1.01870312 -6.69294042 6.93026249
5.10301551 0.339466504 -6.02934972 7.90626731
8.38035741 2.29057636 -1.45461002 8.80869006
3.87495505 0.333796278 7.54023814 8.48421403
1.34206194 2.62494056 -6.8790455 7.48416396
9.01536337 1.70082255 1.29438127 9.26525752
-1.6145174 -2.50345238 7.2727935 7.85922806
2.64274319 4.56012123 6.21148054 8.14624378
-0.581135969 8.87378422 1.93270328 9.10039051
2.46088425 0.808357784 -7.52338034 7.95679868
5.06953458 1.40495973 -5.68231904 7.74356781
9.16103147 1.2622118 -1.34052068 9.34423202
3.77371517 1.45218896 7.44187651 8.46943357
-1.67176744 2.1602106 -6.56221157 7.10801919
8.13134857 2.84590724 1.81299296 8.8036902
-1.22652522 -2.08163697 8.10306879 8.45560763
2.82029797 4.86681849 6.57144674 8.6500818
0.231944829 8.65569193 1.96705928 8.87942135
0.743618387 -0.979920961 -6.763518 6.87447373
4.66583672 0.657594274 -6.76665406 8.24560911
8.41223578 1.66889104 -0.561113603 8.59451899
4.52702308 1.26308057 6.285923 7.84870298
0.858326382 2.90200891 -5.83369651 6.57193996
8.26526434 1.69222332 1.72977103 8.61221935
-1.77272501 -1.35210216 8.30398493 8.59807536
4.17509083 3.70731971 7.18054039 9.09592014
-1.43147381 8.23731279 2.77468048 8.8091595
1.66499571 -0.986706246 -6.53184961 6.81255159
5.46151473 0.652785812 -7.05073066 8.94243118
8.45235515 0.184209428 -1.95037407 8.67641629
3.53639563 -0.362081303 7.2661136 8.08910402
0.702691443 0.487343414 -7.12106835 7.17223071
8.58787252 1.00265107 0.817765928 8.68479157
-1.73103132 -2.21412751 7.55156128 8.05759938
3.58860316 2.94826682 6.38827839 7.89812957
-2.43272665 8.68152235 2.64775049 9.39667877
2.21392621 0.623397188 -6.03443412 6.45790125
5.39467299 0.18598926 -6.76913385 8.65784394
8.66072701 1.29057288 -1.70712156 8.92121262
4.14378307 1.27736609 7.23839386 8.43782839
4.06607469 1.98178535 -6.33399471 7.78331071
7.75358352 0.616543196 2.55424022 8.18671644
-1.20692652 -1.35668384 7.39468671 7.61437155
3.62469751 4.53371793 6.41311412 8.64991694
-1.18142776 8.18407537 2.25834675 8.57175544
2.17179545 0.339664312 -6.68537013 7.03748827
4.69202561 1.3625601 -6.57625565 8.1926072
8.07570807 -0.646696601 -2.0506841 8.35706783
4.75881521 0.155255327 6.91933729 8.39926514
-0.900033262 2.8589899 -7.59304178 8.16322035
8.27324571 1.939751 1.18048405 8.57920574
-2.29042159 -1.54977471 7.55014176 8.04067617
2.79131974 3.97551822 6.4576026 8.08064616
1.216881709E-02 8.75958926 1.7902634 8.94067085
3.91737598 -1.36428833 -6.44611478 7.66547539
5.75060334 2.5090821 -5.27181718 8.19493673
7.37477958 2.53599556 -1.50980097 7.94343417
4.68116299 0.437880964 7.0057832 8.4371811
-1.34424383 2.95858628 -6.14143175 6.9481946
7.7663333 2.18611447 2.00590617 8.31376503
-1.47339227 -2.00593512 7.6071389 8.00395044
3.17727669 3.30280403 7.28446492 8.60622047
-1.52004846 8.28338309 1.61809048 8.57573318
2.64188422 -0.76166958 -7.75323389 8.22631926
4.10848521 2.5275845 -6.56910958 8.14994079
7.77013764 1.89206976 -1.5673967 8.14933736
3.44656543 -0.14784737 7.74028016 8.47423206
-1.54717083 4.42126394 -5.88535388 7.52188159
7.44627365 2.74223991 2.05807587 8.19771597
-1.44565275 -0.802797206 8.20411432 8.36910312
2.66464994 4.13884106 7.09744897 8.63736919
3.243774803E-02 8.10946496 0.534583113 8.12713069
1.35063998 -1.70909404 -6.97934012 7.3113897
5.22346315 0.134213574 -6.61028017 8.42605391
7.98849208 2.28797245 -0.334841992 8.31642609
2.65870532 1.52483205 8.1099161 8.66975005
-0.504677298 2.45589264 -6.81805174 7.2644296
8.01871546 2.28054343 1.71862742 8.51201246
-2.24895418 -1.16240776 8.9764198 9.32658024
3.12399943 2.91958734 4.65053859 6.31750519
0.664881825 8.73912346 2.36688732 9.0783535
2.50163819 0.758364102 -6.38092584 6.89561631
6.07618023 0.599338338 -6.13578038 8.65603682
8.35207794 2.42091588 -0.589594948 8.71582824
3.05835468 0.782439126 8.07813563 8.67306288
-3.34481548 4.64084343 -5.34602753 7.82976556
7.48141641 2.68620494 2.51013623 8.3359506
-1.86243894 -1.11342653 8.40391243 8.67952427
4.61805838 3.12925622 6.52980189 8.58819076
-0.949178219 8.65723863 1.84493632 8.90238789
2.98952571 -0.766046695 -6.31045513 7.02466621
5.20274089 1.7580134 -7.13694096 9.00527902
8.58452326 2.74313029 -1.91877715 9.21414723
4.50277597 0.635726784 7.73828393 8.9755322
-1.24749659 3.02223286 -6.95398049 7.6842686
8.0395555 2.75134639 2.13569022 8.76159417
-2.29114497 -0.592623046 7.8158633 8.16628842
3.78725431 5.02557128 5.76794942 8.53632839
-0.186456777 8.47668197 2.22126979 8.76486982
1.79250108 -1.62142595 -6.14064436 6.59921172
5.51406168 0.343688436 -6.37737074 8.43764514
7.75277069 1.78553835 -2.86452359 8.45571381
4.05551686 1.15145084 7.60120271 8.6920273
-1.58020321 2.83785286 -8.27161586 8.88651112
7.73110678 2.59722584 1.87626918 8.36875022
-0.878594134 -2.93464076 8.64239134 9.16924054
4.17001081 4.88326003 7.33898658 9.75171486
-0.609729314 8.57950244 1.13522169 8.67573399
2.40528022 -0.641186934 -6.0554759 6.54715831
5.00143614 3.12642689 -7.68688854 9.68902286
7.89676238 2.40153553 -1.73345657 8.43392558
2.87424987 0.767906018 7.59674553 8.15852527
0.113923632 3.62844074 -6.75221053 7.66621861
7.70746988 3.02006578 2.83904033 8.75134499
-1.75815777 -1.58680103 7.60471674 7.96497162
4.58637773 4.13742548 6.66830926 9.08952687
2.621397725E-02 8.8800103 1.82783024 9.06621385
0.878985381 -0.898824643 -6.37202484 6.49485963
6.10095928 0.897309385 -7.42774597 9.65392555
7.75310969 1.58221747 -2.41061318 8.27195128
4.27746077 0.257615289 7.29674637 8.4620059
1.5196645 3.77436957 -5.85201945 7.12750851
7.75449454 1.92204544 2.07296726 8.25370447
-2.92820547 -2.21372492 7.20316507 8.08458733
2.58282721 3.92579711 6.63779703 8.13284875
-1.97457521 8.15293412 3.85610734 9.23248861
2.01147073 -0.515907252 -6.38621056 6.71534513
5.17663715 1.08282621 -6.64822868 8.49523568
8.05708644 1.97420765 -1.91689392 8.5140249
5.17231228 0.643061907 6.96604537 8.70012247
3.90275339 3.58671679 -7.45873067 9.15033795
7.9874428 1.84511243 1.27761249 8.29674491
-2.17999612 -3.44892502 7.26266477 8.3302921
3.4414257 4.20821923 7.4976253 9.26104233
-0.720300742 8.2716431 1.24844937 8.39628124
2.98799524 -2.46356603 -6.66990861 7.71264896
6.27443065 0.361192251 -6.96273249 9.37968995
8.07228438 0.534193526 -2.57431115 8.48965345
4.26580691 0.391705355 6.52922812 7.80905638
1.31079854 2.03091584 -6.45501397 6.89275107
7.29897336 2.11106467 1.44726582 7.73473881
-2.16740067 -1.47906727 9.30781065 9.67060519
1.64750905 4.96149992 7.31157523 8.98832019
1.00100321 9.2138419 1.30055246 9.35886354
2.71475289 -0.68085673 -6.32755284 6.91891423
5.24023072 0.344739318 -6.3922059 8.27279635
8.44731351 0.936719752 -2.82432556 8.95607974
4.07942549 1.34226858 7.99391886 9.07447717
1.4336113 2.33730371 -6.18685131 6.76722684
8.40209376 2.53541233 1.76514433 8.9520517
-1.96766566 -2.14474816 7.32540104 7.88245858
2.42135224 3.64698157 5.96626718 7.39998414
-0.134534463 7.95951999 1.79375711 8.16024648
1.99229619 -0.464862315 -6.08253087 6.41736105
5.35345819 2.17397532 -7.20944463 9.23914364
8.39994872 2.96364148 -1.56921192 9.04459702
4.89010779 -0.393610216 7.06663884 8.60264307
1.5965416 2.35333357 -7.00273457 7.55813572
8.39140305 0.557655074 0.730200411 8.441553
-0.339881317 -2.78729736 7.48757975 7.99677413
3.07445143 3.64083448 6.65603131 8.18600514
0.434167343 8.292578 1.74186402 8.48465918
1.01163425 -3.01865581 -7.00291097 7.69262301
4.94372421 0.775151389 -7.79689859 9.26460449
7.79865935 1.56128435 -1.89920744 8.17702179
4.30606042 -3.883182843E-03 7.75697507 8.87202534
2.26587843 2.5517917 -7.47335002 8.21564401
8.58789354 1.04131959 0.387395143 8.65946516
-0.19731492 -2.33399988 8.09030865 8.4225639
3.69542768 2.14717427 7.54760845 8.67369221
-0.113513532 8.11523935 1.17066356 8.20002733
0.54254534 -1.76227678 -6.60276799 6.85540079
4.31695398 0.888432654 -7.74280679 8.90934685
7.79980352 2.66660859 -1.92239341 8.46423846
5.17914767 -0.230461826 6.92601131 8.65137654
0.692004162 2.79351314 -7.59233294 8.11948921
6.56038984 1.50642352 2.38706754 7.14185676
-1.92939789 -0.936653679 7.58102225 7.87856552
3.10544869 4.4462935 5.3235624 7.5995825
1.50869971 7.97875741 1.57705368 8.27187059
1.02221508 -0.753334349 -7.38873044 7.49705101
5.16654739 1.3180351 -5.97112885 8.00529876
7.75025147 2.79927665 -2.32712456 8.56258468
4.50076658 0.394823068 6.84243533 8.19949427
-1.15556077 1.10747571 -6.89311006 7.07649556
7.0842376 2.09198358 0.65331203 7.41549959
-1.47545573 -1.05251252 7.02725421 7.25720703
2.56895106 4.00653778 6.79643068 8.29718775
0.55042859 8.13354917 2.4920442 8.52454562
1.26570757 0.571949898 -6.10130488 6.2574007
4.13667969 1.63578802 -7.11497913 8.39111728
7.73425554 2.01329563 -1.81419782 8.19532683
4.00772021 0.242100115 7.19525632 8.23966912
2.93045967 2.43952906 -7.67186225 8.56716793
8.20452553 0.725863113 -0.940859069 8.29013463
-3.15653417 -2.259135 7.24862997 8.22253218
3.17812655 3.61733687 7.58081576 8.98077847
0.304443615 8.14227136 0.90957604 8.19857288
1.50765054 -1.80093195 -7.11415524 7.49183361
5.11057053 0.203089469 -6.5341974 8.297886
8.32876304 2.13263765 -2.30121979 8.90011515
5.04689246 1.17743353 8.599261 10.0401575
-1.83247725 2.11469934 -6.45094994 7.03169121
7.34941764 2.08239985 0.397706688 7.64908487
-0.856711924 -2.30358841 8.15370807 8.51606894
3.45254569 3.92355351 5.86312168 7.85433255
1.08773596 7.85310958 -7.660863462E-02 7.92845309
-1.076516 3.716002951E-02 -6.51659235 6.60501653
4.69326295 0.9779687 -6.37041636 7.97278775
8.20362247 2.88842601 -2.80456118 9.13827062
6.38429646 -2.248530144E-02 5.58322818 8.48128432
1.71409281 2.97158407 -7.71630418 8.44451161
8.10014543 1.79062412 0.821084947 8.33623843
-2.43639393 -0.313119074 7.66974337 8.05350993
3.00463707 4.16855076 7.1904839 8.8378571
1.78314656 9.24293677 -0.653930322 9.43605408
-1.70334867 -2.40700315 -6.51000424 7.14669267
6.1300438 1.19619548 -7.30597088 9.61173923
8.0788658 3.16935781 -1.45164722 8.79887386
4.33821999 0.104090403 7.63259619 8.77994944
0.872243742 1.28964784 -7.63693066 7.79401762
8.23384973 1.39840358 1.40980192 8.46990882
-2.87572427 -1.56576135 8.11448669 8.75021674
3.86740578 3.72496723 7.17742726 8.96368621
0.836660618 8.22839068 0.107850734 8.27152017
0.873834195 -2.63147644 -6.65230175 7.20703636
5.43702861 0.230328054 -6.53507853 8.5042097
8.2911611 2.90813222 -2.48129466 9.13002785
3.80543783 1.67197089 8.16259742 9.15995853
-0.896686584 4.59535312 -6.09346024 7.68450224
8.03068081 2.94079294 2.45647632 8.89799828
-1.50445007 -1.28940835 7.99204078 8.23399416
3.9103872 3.85366139 6.64210208 8.61738674
0.735383574 7.52099733 -0.455510405 7.57057987
1.02417769 -1.83791018 -6.00223453 6.3603202
5.34473758 1.28949456 -6.55094716 8.55242215
8.07125694 3.01922074 -2.6968782 9.02961984
4.24010217 1.37918362 7.68451508 8.88439001
1.34519346 3.80806227 -6.55040257 7.69536598
8.20432412 1.98919155 1.97494466 8.669961
-1.73903228 -0.508819448 7.72084207 7.93060734
4.1036888 3.64525125 6.90154576 8.81813202
2.14345199 8.09029685 0.822059989 8.40970108
-5.56690502E-02 -1.98463573 -7.37621067 7.63874085
4.21645639 0.591397535 -6.34492884 7.64109793
7.80772998 3.07564339 -1.89654358 8.60331955
3.75379222 0.898830925 7.93537357 8.82434172
-2.07387306 3.23894082 -3.69256445 5.33167134
7.99457467 0.608398547 1.4655691 8.15053775
-0.824034114 -3.516138 8.38344815 9.12822335
3.60446493 4.17877839 6.62144089 8.61961923
-0.940028224 8.50500768 1.94569795 8.77522359
2.49098124 -1.674276122E-02 -7.49234485 7.89559999
4.03153343 1.05130297 -6.91932417 8.07685252
8.18298645 2.08647624 -2.80679031 8.89902928
4.61365682 1.06385294 7.81326071 9.13589926
2.2901819 3.77641171 -7.10621564 8.36687034
9.3113901 0.859564105 2.79332583 9.7592779
-2.02555956 -1.66956517 8.26228169 8.66923516
3.93455287 2.73338078 6.67276702 8.21449308
-0.665317392 9.34219767 3.26457573 9.9185059
1.06187282 2.74381374 -5.30232091 6.06388446
5.57386214 1.10494663 -8.15062267 9.93586917
7.9079047 0.922444452 -2.81856409 8.44571868
4.46061709 0.464822596 7.68315194 8.89629072
-0.375269307 1.39798981 -7.18434258 7.32870936
7.50974579 -0.182698971 2.14902959 7.81332125
-1.51862915 -1.86124485 8.68469979 9.01079782
2.58273706 4.45103085 6.68652485 8.43752457
6.89422534E-02 7.53332059 2.48231671 7.93205953
2.42999266 0.502791327 -5.85626699 6.36030868
5.29450454 1.68208464 -6.68392936 8.6911506
7.70139438 0.500874587 -2.00637283 7.97420107
3.64784708 -6.10030257E-02 7.86034352 8.66576655
1.94226867 3.59757958 -6.67813902 7.83023162
7.27331889 1.15486262 1.46023986 7.50780765
-2.75483823 -1.25842879 8.25836124 8.79620982
3.40930903 3.90154951 7.03503045 8.73711222
-0.427026922 7.4928326 1.43050602 7.64010732
-7.578775459E-02 -1.07673263 -7.38910475 7.46752743
5.47652169 -9.363140713E-02 -8.36833383 10.001503
8.28326084 3.18116967 -1.38232091 8.98014821
5.04040491 -0.273353061 6.70278847 8.3909342
0.259367798 2.91456504 -6.74916601 7.35616767
8.35875154 0.61865366 -0.517079183 8.39754908
-0.951042485 -4.00356163 7.78603814 8.8065531
4.15411756 2.90479557 7.01295197 8.6530934
0.781677753 7.48398117 1.01415149 7.59272662
2.57263916 0.778490449 -6.24616199 6.79993082
5.09391986 2.90091804 -6.35199472 8.64356304
8.59008955 1.78370903 -1.06897701 8.83821069
3.81131023 -1.22532732 7.42375676 8.43443401
2.26902606 3.83744563 -6.44314853 7.83508974
7.8683617 0.364778278 1.80645188 8.08130234
-1.17611439 -3.00876172 7.89187532 8.52746083
3.63037069 3.26831477 7.33744668 8.81473746
0.239983477 7.33944411 2.47532094 7.7493384
1.55283548 2.38972674 -5.95630486 6.60300382
4.97183359 1.79859737 -6.89341816 8.68753681
7.89004573 2.346593 -2.17169732 8.51325963
4.72509468 -8.044788187E-02 8.22730334 9.48796669
0.874541108 1.92088573 -8.01169911 8.28504356
9.11976156 2.11297075 0.280330675 9.36553691
-1.36134027 -2.89454364 7.91812253 8.53980648
4.05743981 2.00525153 7.29869619 8.5880625
-0.458751233 7.63895747 2.20835534 7.96498319
0.743535676 2.25408488 -6.2622879 6.69701379
4.74945718 1.43369067 -7.21878808 8.75920737
7.49046874 2.95991357 -1.36140245 8.16833073
5.41756984 0.327818303 7.56792599 9.31294967
0.603258685 1.24620742 -7.48744686 7.61438208
8.63945525 1.11161439 1.80176082 8.89506692
-3.94703896 -2.13842156 6.72197337 8.08312373
2.99790765 4.85479829 6.23308318 8.45031613
-0.23273987 8.23830408 1.91755769 8.46172851
-0.997123172 -2.14837654 -6.90799723 7.30275305
5.67987473 1.64285359 -7.1784172 9.29997948
7.71842901 1.96415294 -1.57087273 8.11786205
4.47344779 -0.682680457 7.53705829 8.79119079
0.35451923 -2.22159262 -5.96668429 6.37671382
8.2014394 2.0619874 1.59267293 8.6053476
-1.84267925 -2.26426116 8.51538249 9.00189337
3.27700005 1.72710548 6.75270391 7.70198888
-0.900591293 8.63738401 1.70063174 8.84915903
-0.724361314 0.214926013 -6.90476033 6.94597781
5.85129592 1.22718803 -7.70935146 9.75590868
7.94214342 1.46576014 -3.04376121 8.63079239
3.82103872 1.20244168 6.84200036 7.92837763
2.66498053 1.99457191 -6.5544696 7.35129309
8.30463246 2.35253771 2.27748818 8.9268307
-0.210126931 -2.97401885 7.21053054 7.80260803
3.3227878 4.43997436 5.22928253 7.62231506
-0.516820942 7.94497088 1.934971 8.19352055
1.57331335 2.37170522 -5.23080631 5.95496727
5.45831406 1.20163109 -6.65061356 8.6872188
8.73944243 0.623867317 -2.16732269 9.02576047
4.63490107 0.298628476 6.82867165 8.25846496
0.530253327 4.28036274 -7.51156643 8.66177257
8.45869442 2.22260301 1.37928095 8.85391955
-2.25668255 -2.22419374 7.2398176 7.90282309
2.55583773 5.10557998 5.59797356 7.9960341
-1.69875247 6.50146526 4.89460685 8.31336194
3.60381896 2.64537354 -6.8647412 8.19208056
4.7364201 1.04538617 -7.05345042 8.56023775
8.00154175 0.917661468 -3.31407899 8.70918438
3.33422913 1.11601166 7.34483266 8.14304198
0.234374031 4.93930168 -5.61332917 7.48071498
7.90747758 2.83050172 1.28665068 8.49678831
-1.57873953 -3.48222764 7.95045854 8.82202464
2.53580676 4.47990544 6.79368148 8.52373021
-1.31817677 8.33971376 2.80617746 8.89736183
2.53536628 3.3742293 -8.97335277 9.91637865
3.55612246 0.833349164 -7.56649472 8.40192359
8.93446647 1.55277095 -3.54668556 9.73728746
3.5644526 1.5428743 7.46450322 8.41454644
0.287228854 -1.26965282 -6.67481236 6.80056165
8.12554909 2.22384348 1.92751784 8.64206878
-2.14962871 -3.766008 7.90638141 9.01746011
2.8055611 4.05224947 7.61505131 9.07088227
-0.23306842 7.86764713 1.92740153 8.10364541
3.76473451 2.2589237 -6.61307094 7.93780004
3.91510808 2.74817168 -7.13570717 8.59062487
8.2708847 2.29400007 -2.68587107 8.99354621
4.02361845 0.636970683 7.22136788 8.29116343
1.65106097 2.7379218 -5.89545282 6.70660735
9.14551697 3.07455806 0.54307477 9.66376315
-1.62227068 -3.48001105 7.58157924 8.49838707
2.85412732 3.82459964 7.21062343 8.6467737
-0.509367081 7.49276085 2.23728284 7.83622067
3.02447358 2.10817769 -6.67712418 7.6273089
4.50487114 1.66462607 -7.11417564 8.58349224
7.77789784 1.72851927 -3.39196155 8.65961181
4.04118511 1.7017653 7.57885622 8.75592621
1.3057263 1.69085613 -6.60403032 6.94097486
8.775354 3.07680753 -4.57258513E-03 9.29911841
-2.04508191 -1.35660511 7.78655971 8.16414414
3.68576797 3.36905606 6.46504762 8.16898188
-7.559463371E-02 8.77467263 3.10410479 9.30784942
2.05746624 2.9716081 -5.50604353 6.58635995
4.36679539 1.01793245 -5.53169067 7.12072259
7.25544986 2.32142543 -1.74614522 7.81534336
5.15813705 1.02759887 5.87084429 7.88220463
-0.589401587 3.3044001 -7.08974694 7.84416764
8.04042284 2.37422802 1.38529572 8.49731736
-2.92055126 -2.23034749 8.77942961 9.51748149
3.95029394 3.1054475 6.42247269 8.1545559
-0.495213746 8.39617772 2.25935871 8.70894591
1.83270211 -0.178306858 -8.24279657 8.44596268
4.8611541 0.936221339 -8.23039862 9.6045193
7.39845045 2.15233266 -3.16114548 8.32841196
4.39563737 0.460122311 7.45972334 8.67068698
1.71787201 0.590213521 -6.95088153 7.18430166
8.19703176 1.10636077 1.16155926 8.3525196
-2.97384939 -1.99910139 8.14013466 8.89392932
3.24352469 4.13775431 5.26046855 7.43733773
-1.90126241 8.38550867 2.66739811 9.00258669
2.01308254 1.46924532 -7.24739003 7.66393146
4.73125999 1.06009045 -7.93945198 9.30287647
8.06977125 0.517280787 -2.8944759 8.58875883
4.0968182 0.52210909 6.72404853 7.89109282
1.03297374 3.99142162 -6.37456436 7.5916765
8.53327747 3.78815382 2.3687787 9.63213612
-1.86378496 -2.76130366 8.46695923 9.09878513
2.27256946 4.19172617 7.03378597 8.49760468
-1.49196966 8.0453084 2.9675275 8.70397496
1.35243415 3.09930634 -6.3406584 7.1860091
5.6527887 1.30502827 -6.88869591 9.00617845
8.75093967 1.36508892 -3.23643327 9.42957651
4.17680312 1.78031855 7.67528998 8.91769559
-1.84412777 2.06162664 -7.28786963 7.79513665
9.05413232 1.36282514 1.38214335 9.25985554
-0.954819255 -3.50367715 7.06243823 7.9413769
2.65658593 3.93090001 5.41985403 7.20307167
-0.611225517 7.4129122 2.83915521 7.96151155
1.58988406 1.88769863 -6.69363871 7.13413882
4.92919526 2.61844316 -6.22383554 8.35998441
7.48321886 1.9575327 -3.38344919 8.44264338
4.85415951 1.11717076 5.98845435 7.78925674
3.0224652 2.52539358 -8.08322805 8.99174534
8.51064038 1.67928142 0.846549084 8.71594121
-0.646305502 -2.46313017 7.42391962 7.84852238
3.50946512 3.89755792 7.14021426 8.85945613
0.473225518 7.4238916 2.81649399 7.95429112
1.17598438 2.05729399 -6.71703641 7.12277867
5.91732571 1.76689078 -5.89575676 8.53795024
8.03097839 1.68586808 -2.80304851 8.67155384
4.00529779 1.00500907 7.36202982 8.44108622
1.33441052 1.92362173 -7.30704486 7.67293142
7.73373566 2.44588618 0.894280818 8.160439
-0.638286883 -2.13378262 8.06092249 8.36294863
3.42813235 3.06239349 7.66015823 8.93355301
-4.720322581E-02 9.01933242 0.95563214 9.06994036
3.74926962 1.94827411 -5.87578131 7.23723709
3.93298482 1.34326482 -7.47020299 8.54848891
8.09762638 3.08807919 -1.58232098 8.80974039
4.44061551 1.14283291 7.2672763 8.59292953
-0.821201538 2.004411531E-02 -6.94396224 6.99238051
7.80810161 1.44310525 -1.05679473 8.01035696
-2.40209146 -2.23713495 8.37179016 8.99231264
3.18293503 3.33183192 6.68410963 8.11846666
-4.219797444E-02 9.0088556 1.42492178 9.12094633
3.25314835 0.718021809 -6.15317574 6.9971495
5.16706424 1.67563733 -7.93202798 9.61370798
8.40912212 1.9045578 -2.71311223 9.03889668
4.5706242 1.7640668 7.39625069 8.87170004
-0.856801781 0.642350915 -8.00263229 8.07396108
8.82572909 0.437186513 -0.349204706 8.84344785
-2.44042064 -1.20055335 7.56375074 8.03786704
3.13786938 3.98664013 6.67902504 8.38742507
0.404541476 8.13286011 2.07933925 8.40420841
1.59336798 -1.37979607 -7.12385158 7.42912647
5.74775417 1.36100127 -6.29754356 8.63412169
8.40977922 2.23240615 -2.40298259 9.02675739
5.9650176 0.247697613 6.11476243 8.54594106
-0.239424659 2.30129087 -5.96952965 6.40222993
8.24569518 1.99356913 0.513950476 8.49882062
-3.46990093 -2.04492748 7.27882949 8.31885206
2.9636541 3.53708193 6.59647167 8.0503188
1.60742338 7.62528084 0.351026004 7.80076516
-0.206299233 -0.743479042 -7.35449777 7.39486024
5.07796558 1.35900806 -8.14806738 9.69657875
7.50655284 1.09443479 -2.16456606 7.8886925
3.48005132 1.00463442 7.39962838 8.23860107
-1.77342838 1.96960161 -7.7432979 8.18431678
8.79630576 3.95121698 1.56872988 9.76975046
-1.84365693 -1.30770271 8.1366732 8.44479769
3.44760397 4.32532873 6.80299158 8.76784672
5.059126037E-02 7.924721 -0.202212085 7.92746189
2.9433131 -0.485068752 -5.17292135 5.97139004
4.79661252 0.749206885 -8.83540753 10.0813307
7.6273078 2.59807488 -3.06575468 8.62117563
2.80448267 2.13994538 6.59919554 7.48290525
0.692160364 4.48440839 -8.38622435 9.53508068
7.74621294 2.03833683 2.02611093 8.26218842
-1.5840046 -0.719207606 8.78624442 8.95680865
3.05174519 3.76574678 6.25046906 7.90963722
1.20339273 8.50532026 1.11337183 8.66188338
1.42599695 0.968027498 -6.40295789 6.63086829
5.19184787 0.555855953 -6.53510824 8.36492079
8.31195719 0.815934013 -2.04674176 8.59904253
3.09969012 0.705611779 7.71518822 8.344465
-0.725986007 5.42179975 -5.36711732 7.66347941
7.6232568 2.59661007 0.5183939 8.07001613
-1.12097113 -1.33530903 8.939184 9.10761424
3.85889935 4.77487796 7.04878838 9.34751204
-0.674904252 8.06332555 1.64777627 8.25759537
1.10918841 -2.40525932 -8.30029595 8.71266229
4.82559346 0.915630062 -6.81185275 8.39798003
7.95214862 1.34368568 -2.46413796 8.4329197
6.8311233 1.21517361 6.69280308 9.64025443
1.00412385 4.61117452 -4.83866936 6.75898782
7.4929679 3.08433432 2.79992005 8.57305304
-2.56901268 -1.41989552 7.73337935 8.27170391
3.09519429 3.96193058 6.73317808 8.40314279
1.13365188 7.86591651 1.86364357 8.16277995
1.85967745 -4.301535347E-02 -6.92722965 7.17263976
4.36644937 1.23493918 -5.81803461 7.37837934
8.53385257 2.30927329 -1.73146972 9.00873855
3.6491976 -7.161451626E-02 7.66112076 8.48613829
1.20686814 3.65112272 -6.31891296 7.39701891
9.0297679 0.861240715 1.41418818 9.18032527
-2.862926 -2.53522851 7.77627971 8.66569414
3.3761138 3.58633491 6.40842267 8.08256293
-0.32649098 7.73998562 3.55662347 8.52429142
2.6900925 0.780685985 -5.37713243 6.06297134
4.7036631 1.23182712 -6.59725595 8.19546403
8.15827739 1.93122137 -1.73649745 8.56168963
5.79275526 0.112629214 6.6581164 8.82605307
0.783913538 3.16385978 -6.8735476 7.60724561
8.77053501 1.79069563 1.23425556 9.03616412
-0.924929031 -1.89212458 8.5980686 8.85225467
3.81157446 3.50158116 7.45332246 9.07420444
-0.396201074 7.81165071 2.39278552 8.17950394
1.17184362 1.5815562 -6.60135948 6.88857637
4.8173993 1.11671806 -7.71637483 9.16497876
8.10049492 0.974748745 -2.15727602 8.43931235
3.16830463 1.42605254 7.4898191 8.25646233
-0.832766932 1.82123864 -6.33042544 6.63963081
7.94388206 1.10251347 2.63598371 8.44210923
-2.35232836 -2.13449888 6.99473618 7.68217863
1.81419668 3.31890894 6.64201435 7.64348224
1.12106096 8.07166483 1.41542503 8.27115342
0.380056881 -5.08907342E-02 -7.7969836 7.80640675
5.19857064 -4.194108173E-02 -6.26332415 8.1397865
7.6817121 1.78991408 -0.784894661 7.92644642
4.57124124 1.08055096 7.3453443 8.7188256
-1.19705958 -1.80228701E-02 -5.68086538 5.80564449
9.11084196 0.997820878 0.43011036 9.1754064
-1.59528176 -3.18345499 7.29769098 8.12007409
3.20176081 3.45260949 5.80908301 7.47778242
-1.29184339 7.03839178 1.73094372 7.36233552
3.77155211 -0.641631569 -5.99363205 7.11055002
3.74270163 1.57842165 -7.53490341 8.56002335
8.08876263 2.80259772 -0.886916202 8.6063497
4.93532901 0.6789584 7.41062463 8.92949128
-0.67370372 3.52101618 -6.69840431 7.59737139
8.4039645 0.435754977 1.30685955 8.51612492
-2.69647255 -1.88433191 8.61792267 9.22443831
2.03230785 4.82594653 6.18781561 8.10611479
0.280327868 8.30710535 1.86719968 8.51897985
2.92683754 1.50609179 -6.28096333 7.09120517
5.0872755 0.869908301 -6.949882 8.65667212
8.74149284 0.457142452 -2.56165434 9.12056737
4.89969078 0.244528102 7.15817041 8.67791262
1.56852829 3.89287877 -5.07460872 6.58532002
9.15302053 0.538348813 1.13099388 9.23833055
-1.92952223 -1.20605429 7.71349295 8.04211393
3.96893598 3.9168256 6.02428078 8.20889362
1.3806257 8.13978713 1.61863564 8.41321836
1.60679155 -2.06136173 -7.92614024 8.34593855
6.18007509 0.567867263 -6.91816855 9.29391508
7.50126229 -0.497434739 -3.61470544 8.34161091
4.9411902 0.317429956 6.58337048 8.23752931
2.25221172 4.79598749 -6.87458574 8.67950936
8.34800541 0.496467814 0.716078724 8.39335709
-2.17749029 -1.10835137 8.55006239 8.89232667
3.65989017 3.40982105 7.75281841 9.22647652
-0.599440186 8.83571669 1.24902631 8.94367289
1.59476429 0.625031955 -6.90221143 7.11157231
5.49550378 0.577502102 -7.60130147 9.39754513
8.17969416 1.2133315 -2.15224744 8.54469068
5.52380449 1.09979258 6.51945972 8.61541147
-0.740027755 1.34716193 -7.72094314 7.87244875
8.32830562 1.32177907 0.642113433 8.45695478
-1.0400484 -3.14452052 7.15618114 7.88547009
4.24589771 4.33625572 5.99344459 8.52948645
0.200062104 7.92753795 1.99780015 8.1778413
1.1055217 1.06944622 -6.18772569 6.37603659
5.14075654 0.606096742 -6.66011002 8.43515243
7.99140685 2.47763362 -2.73305655 8.80175266
4.68311503 0.816758541 7.46317648 8.84859673
1.5721556 0.722819505 -6.18259058 6.4201688
8.23850112 0.213921336 0.487862876 8.2557055
-2.29963538 -3.23590408 8.34332921 9.23961798
4.03188414 3.27315116 6.44874388 8.27984939
-0.760494516 8.06484535 1.00329345 8.16251678
2.18257982 1.85950069 -6.11635298 6.75508485
6.17551087 0.724069847 -7.84573617 10.0108335
8.03856366 0.558198816 -3.43637249 8.76006549
5.34760474 -0.467824926 6.08932365 8.11761043
3.05186731 4.06111447 -5.80671565 7.71521169
8.75763481 1.83033954 1.06662651 9.01021656
-1.59488666 -3.06132363 8.36605251 9.05020444
2.33290895 3.73445664 6.19253119 7.5984257
-0.234111985 8.44290953 1.84835973 8.64603745
0.577364786 0.950050121 -6.00054974 6.10266683
4.25572716 1.2877826 -6.58229547 7.94331237
8.06572024 2.14525251 -2.57677758 8.73485741
4.62500373 0.799316309 7.08554106 8.49908573
0.515385781 2.98084733 -6.63155268 7.28893437
9.3283324 2.00740814 -0.197145016 9.54391634
-2.04005135 -1.20054357 7.51565379 7.87960445
2.26683227 3.67791863 7.06544345 8.28167285
-1.54611788 7.68587435 1.20971139 7.93262545
0.96801578 -1.45553631 -8.22249146 8.40624805
6.35251697 1.228558534E-02 -7.0113654 9.46117686
7.43380245 1.93574097 -2.49993566 8.07825416
3.93382111 2.01759997 7.53789442 8.7387362
-0.63490403 1.71074206 -7.50305045 7.72175548
8.14902788 7.108105935E-02 -0.475015254 8.1631701
-1.19579918 -2.46939904 7.66875277 8.14479198
3.33426721 4.75155022 5.62807382 8.08515815
-0.248794068 7.56915503 1.55762312 7.7317654
3.59229665 -3.36812943 -6.07081439 7.81688418
6.27234385 1.96532727 -6.32562453 9.12240836
8.49560532 1.25156503 -2.31375571 8.89354767
5.09411939 0.126209027 7.03373216 8.68558399
2.03958021 1.74739416 -6.05492403 6.62384924
8.85303141 -6.171838514E-02 1.45530031 8.97206071
-0.777245344 -1.71667581 7.12402258 7.36904226
2.76173517 3.9972611 6.80336355 8.36008571
-1.15964436 7.29616354 -1.28199107 7.49815167
2.53811635 0.29868135 -6.99025054 7.44277151
5.65489567 1.42364353 -6.62746816 8.82768034
7.9753356 0.356463108 -0.974907337 8.04260457
3.24682731 -0.196505693 8.66005363 9.25078543
2.22127169 3.03857302 -6.65898473 7.64912097
7.33529934 1.61000398 0.115388351 7.51079515
-1.37529783 -1.3320809 9.69138473 9.87870547
3.49433488 4.27286639 6.32887256 8.39776109
-1.68058068 8.29457436 1.01858926 8.52419142
1.80869095 -1.11779893 -7.76092377 8.04691091
5.11713567 0.578612236 -6.75277701 8.49234166
7.64332321 3.47227516 -1.58782659 8.54390296
3.77438376 1.94886084 7.3219493 8.46492604
-1.46284107 5.06736828 -6.32337133 8.23426683
7.70824117 1.41823678 0.900053572 7.88913645
0.250503093 -1.4530429 7.77175423 7.91038869
2.43926285 4.25790576 6.44652267 8.10169237
-1.52664445 7.70693075 5.392585617E-02 7.8568653
4.38359956 1.40448806 -6.5444523 8.00114915
5.4469763 2.89365468 -6.02008061 8.61882584
8.56698387 3.01177548 -0.988982683 9.13466424
3.25347946 -0.395453761 7.63592425 8.30956385
-1.25912516 6.65921103 -4.83943646 8.32770274
7.87399224 0.650191312 0.557722548 7.92045182
-2.06393443 -0.826742345 8.20429303 8.50022073
3.44452532 3.03205894 7.2961918 8.61931267
-1.41428507 7.86305147 1.3874927 8.10881722
4.13980807 0.755532352 -7.06409925 8.22255059
6.17783991 2.72638632 -7.00023954 9.72636838
8.07350717 2.23352869 -2.94288812 8.87866876
5.2744694 0.713435046 7.16843035 8.92834871
2.67750116 4.81501179 -7.0476627 8.945552
8.70543212 1.08414015 -0.184472601 8.77461899
-2.27112115 -0.229686133 7.77961981 8.1076033
2.69782646 4.09017476 6.16743217 7.87686592
-1.8457516 7.29037396 1.74693539 7.72063046
0.433552473 -0.166729463 -5.36408431 5.38415889
5.56578579 2.55608412 -6.42556535 8.87690417
8.18687405 0.887229945 -2.15583639 8.51232719
3.4804363 1.15800217 6.60936061 7.55897172
-1.110079 3.15131034 -7.58473269 8.28801558
8.27725883 1.07168847 1.22110784 8.43520209
-0.979997589 -0.823601357 8.01209972 8.11372026
4.45830593 3.05017247 6.27467431 8.27958825
-4.33562744 7.2525959 7.574392513E-02 8.45006212
3.5111593 1.34581002 -5.36720024 6.55334133
5.86332769 1.20789492 -6.37607824 8.74597024
8.28123095 1.88076252 -1.53975957 8.63058012
4.69618633 0.283213481 7.72183605 9.04218602
0.443997681 5.08024205 -7.15634717 8.78745117
7.57470202 1.89774835 1.85256144 8.02555565
-2.64702211 -1.98690948 7.86957716 8.53725835
2.82628202 4.02855042 5.94501437 7.71753098
-1.53660543 7.19187501 -0.301062957 7.36035741
2.85116469 1.4256141 -6.65635515 7.38028316
5.4151051 2.09870663 -7.36997806 9.38320358
7.65934903 2.6856133 -0.937918107 8.17054691
4.46085235 1.01242599 6.63369224 8.0579205
2.70776474 3.11019192 -7.68398437 8.72060201
8.71639358 0.611889956 1.45308084 8.85784231
-2.41261755 -0.744376071 8.3545483 8.72773146
3.09215351 5.3545957 7.06119942 9.38582153
-0.766903852 8.37612767 1.01459218 8.47213394
1.88241547 1.92234179 -6.64866876 7.17242513
4.93435163 1.38698079 -7.02321771 8.69466093
8.389916 1.81652279 -1.86750251 8.78510166
4.36409522 6.530897216E-02 7.12726178 8.35747886
1.10474949 2.07983184 -5.55693953 6.03537478
8.7325731 -0.104667538 0.817099442 8.77134196
-1.2068831 -1.00341661 8.48493509 8.62887798
4.08487193 3.40192591 7.05219478 8.83134926
-2.64040549 8.14165702 1.26221038 8.65167586
2.48982166 -0.304108536 -6.97015383 7.40774853
5.59132403 1.02335015 -7.09714357 9.09283217
7.75230753 2.4688756 -2.03194093 8.38584538
4.51848171 -1.39196469 7.79745732 9.1189135
3.38479828 3.25384177 -7.12788229 8.53528275
7.25405094 -1.09928221 0.393599361 7.3474211
-2.54279619 -0.877171384 7.68591846 8.14300833
4.0905418 3.51602188 6.7957664 8.67625397
-0.378662878 7.10185802 -0.883088191 7.16656248
4.25682924 -0.469480295 -5.8244026 7.22943101
4.4948593 2.24567081 -7.07923898 8.68115327
7.54624772 0.519935974 -1.12485934 7.64731957
5.05599756 -1.90331037 6.53809861 8.48129914
-0.670956224 2.87694608 -6.88130201 7.48861258
8.12886058 7.644918132E-02 1.15848776 8.21135267
-0.393412596 -1.47421228 7.19088393 7.35097865
3.91217446 4.40813329 6.36353864 8.67360203
-0.673724134 7.77607493 0.430581699 7.81707402
0.867396623 1.38962951 -5.9576023 6.17871121
5.06097514 1.69857961 -5.53177782 7.68760092
7.26524212 2.03945563 -1.61092984 7.71610117
4.27991561 -0.819539134 7.11853595 8.34642894
3.33571521 1.41748385 -7.35810479 8.20231446
8.72027143 -0.240810431 -0.361328313 8.73107563
-3.97654445 -0.821196088 6.94869398 8.04808156
3.89946213 3.64413953 5.71729311 7.82131692
-1.360180434E-02 7.96447876 1.00277353 8.0273695
2.4608424 2.21249626 -5.86679251 6.735736
5.32526394 1.81670745 -6.39169266 8.51543288
8.05084 2.2606018 -2.51407388 8.73194781
4.13426345 -0.76262893 7.95064073 8.99368808
-0.570266331 3.04019232 -7.25000241 7.88229078
9.17866588 0.693544044 0.54711554 9.22107619
-1.54106373 -1.48055187 8.12433409 8.40069734
3.01219084 5.15469356 5.46426337 8.0933512
-2.62365385 7.61942948 1.79289581 8.25552788
0.41034289 -0.241737134 -6.82677678 6.843369
5.77402061 1.45315037 -7.17564842 9.3242099
8.23168813 2.09582609 -3.34710988 9.12996829
4.35878362 1.34881958 7.63321281 8.8929324
-1.12215681 2.29942243 -6.58187565 7.06170422
9.36421489 1.3634796 1.20546706 9.53943121
-1.13216383 -3.34115882 7.78419483 8.54627558
3.94981639 5.8877062 6.2563006 9.45555028
-1.27417587 8.29619337 1.46828706 8.52092809
2.35667968 -0.729867881 -7.74203215 8.12562047
5.97905162 1.04861839 -7.52165576 9.66560728
8.93598906 1.72662233 -2.41159645 9.41535568
4.36970359 1.38141569 7.33243984 8.64680824
-1.25828263 2.96337452 -6.8171965 7.53916652
7.41505075 1.92132899 1.16999506 7.74876578
-1.99869684 -1.99498432 8.39331828 8.85565035
1.89806844 3.3779132 7.27328391 8.24097205
-1.05723064 6.94261763 -0.326943659 7.0302609
2.98945323 0.665611321 -6.42829662 7.12059453
5.0220629 1.05911527 -7.62187757 9.18889866
8.12883111 2.7577201 -2.33377714 8.8954725
3.69283673 1.17912536 8.7785994 9.59641533
1.11838268 -0.871448829 -6.7561162 6.90328248
8.55690181 1.88102718 0.665245244 8.78643176
-0.650970413 -0.256033857 8.25210533 8.28170019
3.89073836 2.89358373 7.95296096 9.31451876
-1.33613413 8.50629667 1.3533691 8.71630342
0.222755165 5.328333663E-02 -6.80063812 6.80449394
4.68710229 1.08218698 -6.74368332 8.28355728
7.17718209 3.1359358 -2.06597248 8.10026409
4.04876338 0.519286167 7.69643156 8.71190001
-9.018783393E-02 4.3961861 -6.03652751 7.46821601
9.37765737 -0.78519488 -0.836037608 9.44753659
-0.994944529 -0.26810534 7.90267812 7.96957442
3.63544938 4.43566337 7.17553532 9.18585373
-0.274074681 8.40455041 1.93816748 8.62948885
1.0898978 -1.65017586 -6.96331349 7.23869411
3.71428404 0.173091439 -7.07276771 7.99061385
8.07014776 2.85488227 8.439473591E-02 8.56065186
5.04942713 -0.531066802 7.61249529 9.15034594
0.93251045 3.78941034 -6.45453351 7.54255986
8.53253272 0.233152723 1.42633492 8.65406876
-1.29387557 -0.975646003 8.86810555 9.01494843
3.67264873 5.19596388 7.17341766 9.58875958
-3.14148866 7.07861354 0.230949337 7.74784217
2.15512468 -5.696439952E-02 -6.41820973 6.77061471
5.59303453 1.26914471 -7.02984447 9.07256727
6.80732716 3.44886158 -1.14954573 7.71724074
6.06300055 0.187142968 7.02019298 9.27782882
1.73096548 2.08463453 -7.66544574 8.13025221
7.40480525 0.969847163 0.798492877 7.51061484
-1.19165176 -2.92846108 7.59018996 8.22234163
3.22939032 3.69299042 6.6424884 8.25771108
-0.261114919 8.65225481 0.381313318 8.66458852
2.75003721 0.18991135 -6.49607885 7.05675644
5.70421665 0.667769346 -6.65462693 8.79022543
7.33154293 1.50197355 -2.80317892 7.99157421
5.54126039 0.442831613 6.34642316 8.43675018
2.07775306 0.273320665 -6.86789494 7.18051132
8.02444454 0.237350068 0.182615003 8.03003073
-2.80199192 -1.79966741 7.40011018 8.11489939
3.99441495 2.820767 6.14079706 7.84993413
-0.894593293 8.43135445 1.59544383 8.62748376
1.1263978 -0.933410898 -7.757308 7.89403923
4.40550682 1.65212119 -6.9427413 8.38687377
7.57652088 3.37733663 -2.49831014 8.66323409
5.41357037 -0.29809093 5.83971959 7.96855867
-1.1797154 4.24212085 -4.95792124 6.63085973
8.14672056 -0.273588444 0.767979642 8.18741102
-1.84089544 0.428544444 7.84256174 8.06711355
3.61155882 3.54138199 6.716423 8.40803672
0.444961456 7.4432657 -0.398481025 7.46719372
0.647526061 -2.21450805 -6.4088089 6.81147322
5.58448113 1.55038233 -5.97789528 8.32618442
7.71932108 2.52322359 -2.30095181 8.44090957
4.68672555 -0.571914655 7.09759498 8.52457255
2.4305609 4.72685565 -4.75095826 7.12898274
7.98870149 0.548208445 1.21699729 8.09944235
-2.51936488 -2.85347539 8.36550302 9.19081944
2.51804083 3.57838445 6.52198401 7.85376599
-2.11138561 7.79736304 2.02583002 8.32831356
6.728013136E-02 -9.599635073E-02 -7.06984685 7.07081865
4.08673064 2.96609216 -6.79386318 8.46496585
6.6466389 3.11371404 -1.17374816 7.43308203
5.08199789 -0.401209306 6.98067971 8.64393201
2.51354582 1.174399 -6.37102149 6.94888771
7.8952241 1.18782159 1.7998029 8.18442265
-0.487641707 -0.518254004 9.15536177 9.18297505
3.9653126 3.88993283 6.34364176 8.43190798
-0.32145414 7.52935851 1.28326526 7.64469372
2.88714405 -0.636805728 -5.61788941 6.34837016
5.74015843 0.447453681 -7.04972229 9.10209965
7.95553802 2.75048987 -0.863920802 8.4618047
4.88197198 -0.233306345 7.76082012 9.17160897
2.11728793 3.58219628 -6.02088249 7.31888409
8.00903026 2.0313854 1.30655591 8.36529621
-1.54389526 -1.23159469 8.83080001 9.04894838
3.14329428 5.17016269 5.69308138 8.30795142
-0.863048793 6.69361537 1.70003698 6.95984667
2.55616127 1.02287126 -7.08799429 7.60393905
4.97471048 2.23684823 -7.04460197 8.90941363
8.10324735 3.29779578 -0.736697881 8.77956709
5.2796169 0.117688642 7.36531729 9.06289711
0.132998453 6.02776613 -5.82806199 8.38558047
7.60937733 1.42187316 0.322453659 7.74779472
-1.70698055 -2.51688305 8.36200387 8.89784196
2.44470917 5.32499629 5.97618648 8.36940818
-1.21337153 8.12038833 0.949443885 8.26525382
2.96426825 0.88543155 -5.830537 6.60045733
5.30584995 1.10524359 -7.24780245 9.05009654
6.85437093 3.19287129 -3.1481241 8.19069675
4.23520323 1.97638471 7.8261509 9.11546383
-1.78693903 3.97732972 -6.97049596 8.22192902
8.1626965 -0.505164983 1.94438086 8.40627282
-1.10487735 -0.915280635 6.92347984 7.07057746
3.10284537 4.18654154 6.88306378 8.63315391
0.123645996 8.42869726 2.07671222 8.68164498
4.26370543 -0.182941282 -6.95194383 8.15733869
5.36931243 0.427504168 -7.34242074 9.10622964
8.70024319 2.11297467 -1.58623717 9.09258169
4.15004379 0.669927055 7.37290359 8.48712985
1.89136465 2.0830628 -6.61876815 7.19197488
8.20180299 0.769782526 0.77598553 8.27431513
-1.12607746 -1.47855703 7.55204485 7.77737506
3.92792602 3.66536121 6.03026301 8.07635732
-3.2193569 7.83813701 0.395694205 8.48276043
3.20006942 1.0683254 -6.33696832 7.17906198
5.71490888 2.78344525 -7.03967842 9.48497882
7.24456865 1.4804424 -1.71753858 7.59114112
5.43116212 0.48762356 7.81201538 9.5269556
1.88647466 1.59817903 -6.48683585 6.94204597
6.74397486 2.70626935 1.33998542 7.38922537
-1.61462585 -0.974374558 8.35362038 8.56384236
2.40292736 4.0113572 5.95924481 7.57480331
-1.28280725 8.66762871 1.20041741 8.84388964
2.36064379 1.77746758 -6.58922941 7.22149392
5.46051962 1.55106389 -6.72625104 8.80145026
7.6850466 2.14367587 -1.85474127 8.19117529
4.54860666 1.19054862 5.92217071 7.56170183
1.54885048 4.37460872 -7.1511989 8.52500938
8.53926779 1.56376103 1.27791903 8.77482307
-0.982953712 -2.08678995 8.41084859 8.72142559
4.23743107 4.62181382 6.51196918 9.04006237
-0.597717497 7.71886451 1.17421948 7.83051256
1.02754133 -0.603218804 -5.81105068 5.93194944
6.13037966 0.814526631 -5.88915322 8.53973852
7.85658381 1.49639018 -1.52356251 8.14164206
4.73028684 0.53059896 6.15434228 7.78030062
0.104348088 2.46175886 -6.33181358 6.79433649
8.63524177 0.690673945 -0.723992668 8.69301997
-3.08935354 -0.556211923 7.05805402 7.72461026
2.88481109 4.20828284 6.28664843 8.09652567
-1.12838323 8.4637439 1.12948281 8.61300998
-0.341746268 -0.129747475 -6.52541153 6.53564233
6.0924471 1.39949744 -6.32841971 8.89524597
7.5676042 2.91193795 -1.23695794 8.20232168
5.44701132 -0.57411819 6.65761408 8.62110023
0.593458719 5.07953865 -7.1539009 8.7938731
7.98616069 0.812686756 -9.786650622E-02 8.0280010
-1.95731186 -1.13276945 7.81683386 8.13739074
4.38707232 3.99300804 5.79629835 8.2938285
-1.31749801 7.95703046 1.20230116 8.15448728
1.41901552 0.190230368 -6.09016487 6.256189
6.51993867 0.897041725 -6.99333899 9.60318043
7.99504268 1.03572827 -1.74844995 8.24927377
4.77758341 -0.486761482 6.117422 7.7772162
0.504327035 2.6901517 -5.80944875 6.42191224
8.07147041 0.698177291 1.33430268 8.21075208
-1.56892255 -0.384541753 8.06612581 8.22628567
4.76137109 3.79867777 5.68544194 8.33215803
-1.42247989 7.98885793 0.480202316 8.12870803
2.48490441 1.74662108 -6.23312441 6.93377783
5.42254868 0.540987988 -7.1482769 8.98857969
7.58354498 3.2925147 -1.70046839 8.44052133
4.20941655 0.678549722 7.89592095 8.97358262
2.06187553 1.69977407 -6.12058231 6.67847964
8.7517052 -2.284194958E-02 -0.1696798 8.75337974
-2.40454312 -1.78288713 8.79883624 9.29408593
2.53787563 3.51667369 6.49584689 7.81049508
-1.57178823 8.3931175 1.49145005 8.66829642
3.79506485 0.401450814 -7.4918358 8.40781087
5.05738103 2.10827435 -6.82976708 8.75600605
8.41814828 1.63608097 -2.04097476 8.81518913
4.45055367 -0.175001694 7.09120634 8.37396328
0.194302115 1.38799906 -6.89000005 7.03110201
7.88543221 2.33353259 2.16865523 8.50461528
-2.4172195 -2.8533035 8.14794643 8.96511695
3.69969345 4.11330185 7.31243279 9.16944148
-2.15965096 6.97031333 0.802933376 7.34125753
2.07890246 -1.4860453 -7.00297454 7.4546508
5.77951547 0.785934076 -6.5424291 8.7649227
7.67917357 2.37742616 -0.882385045 8.08705541
3.70816249 1.87798426 7.32004162 8.41785621
2.08140646 -0.526888942 -7.08379202 7.402025
6.81516113 1.98040185 2.23174611 7.4396978
-1.85706621 -1.1053294 8.10747016 8.39056139
4.27591181 3.55580447 6.29845809 8.40224622
-2.74122874 6.8441403 0.409763881 7.38407055
2.22475885 -1.50086965 -7.05966735 7.55255353
5.55948671 1.17914961 -6.72618231 8.80566947
8.56444552 2.63946406 -1.45429678 9.0791782
4.07620614 1.887769 7.45863135 8.70691161
2.03705122 -3.454963141E-02 -7.35093364 7.62804016
8.51865058 1.11649468 0.894537009 8.63794909
-1.59593674 -0.288085328 7.81313747 7.97966944
3.51997056 3.98326964 5.4842848 7.63767043
-2.5227093 7.44626373 0.120657907 7.86291702
2.16592592 -1.20075458 -7.2698778 7.68011523
4.36232719 1.95461343 -7.53368839 8.92226838
7.60234891 2.21825663 -0.979538391 7.97971596
5.52871806 1.56811713 7.20438959 9.2156901
-0.488826968 0.682302441 -6.98835232 7.03857632
9.20762778 2.93845417 1.73029125 9.81879982
-2.2264263 -1.73036677 7.6279908 8.13248959
3.92120338 4.15951505 7.33338818 9.29817098
-2.31890178 8.64387043 1.08175139 9.01465405
3.56875336 -0.502142333 -6.21773815 7.18668319
4.96676355 2.37912323 -7.60772958 9.39183245
7.05213997 3.12265687 -1.21602562 7.80784108
3.78257402 2.3288737 7.47454478 8.69484552
0.97422331 2.72400676 -6.12526779 6.77408513
8.45987764 1.27429049 0.797015281 8.59235586
-2.34165894 -3.307794505E-02 8.36767595 8.689215
3.90389184 4.98101769 5.02458683 8.08067952
-1.23538281 7.85383533 0.305355147 7.95626431
1.07452308 -2.23480864 -7.56779188 7.96369534
5.96910094 1.87679284 -5.43905006 8.29070461
8.37017981 2.42236089 -1.38599189 8.82319193
3.00449131 1.37617201 7.02904287 7.76712695
-0.127115334 2.70320268 -6.99252809 7.49792719
8.31115917 4.244471627E-02 0.982054061 8.36908588
-2.84916999 -1.19263123 7.20846199 7.84232511
2.36083595 4.17424295 6.85613426 8.36686486
-1.85908714 8.12069035 0.734382565 8.36308164
0.707954228 1.42329242 -7.22329692 7.39614621
4.48877518 1.43762267 -6.27004393 7.84406225
8.23522524 1.95275196 -2.60212634 8.85456021
5.85346173 1.78143112 5.75278282 8.3982749
3.54062424 1.14945872 -7.0784083 7.99757084
8.82149415 0.81012801 1.3081808 8.95468611
-2.18054397 0.106954355 8.57729352 8.85077259
3.91742728 3.51551194 5.34027058 7.49823649
-0.632370129 7.93668545 0.134826167 7.96297972
1.37783658 -1.32007011 -7.27880253 7.52475814
6.54150197 1.90096362 -5.62566709 8.8347632
7.63561757 0.270003448 -3.3243042 8.33225995
3.89883976 -0.203306432 6.61244426 7.67897807
-2.625381848E-02 0.745111511 -6.35470622 6.39829443
8.02592714 0.650262172 1.8932062 8.27179406
-3.30666347 -1.53676522 8.07711655 8.86202473
4.16246371 4.63116478 6.85309982 9.25952312
-1.93972291 7.4112852 -0.769099314 7.69942771
2.18711774 -0.579195073 -7.15537116 7.50455111
6.09039523 1.05947992 -6.91849109 9.27798097
8.36648152 3.29822227 -2.07677295 9.2298033
2.4887838 1.46471492 7.01013995 7.58165528
2.39690035 1.47930002 -6.02686453 6.6525601
7.55168212 1.68654968 0.954779806 7.79640668
-1.70578001 -1.19898096 7.70148479 7.97872852
2.72380539 3.88224391 7.57664655 8.93848458
0.274843173 8.11451877 0.305746605 8.12492675
0.842593142 -0.629972075 -7.84806452 7.91826652
6.7950697 1.58121462 -6.71903999 9.6860059
7.22834629 3.504722 -2.23980215 8.33959112
2.57347511 0.98390355 7.17110785 7.68216299
0.711779984 1.96291477 -6.05509111 6.40498193
7.47600445 0.363835225 1.77626448 7.69273255
-1.8502589 -0.878869441 7.92066927 8.1812512
3.74366849 4.57874497 5.8428339 8.31376372
-1.05688076 7.69338012 0.447218173 7.77850235
2.78769545 1.54026039 -5.0613283 5.98002442
4.96062019 1.71461595 -6.8371435 8.61940786
8.46906354 2.21522434 -1.85895208 8.94918762
4.64018126 5.314621263E-02 6.73388135 8.17797436
2.87061755 2.70027946 -6.49336165 7.59576855
8.87137147 0.954618658 0.939862637 8.97194908
-1.39728449 -1.71014136 8.12333624 8.41816958
3.86593493 3.38749907 6.76434327 8.49570142
-1.31089349 8.51144041 0.967225992 8.66594402
1.37508379 -2.98260774 -7.19658905 7.91060669
5.46012356 2.0369773 -7.32483312 9.36031014
7.19655787 2.33186451 -2.76971099 8.05601243
4.62811573 1.3852247 8.0746483 9.40947649
1.13137863 -0.97971569 -7.5060439 7.65379353
7.72310121 1.14210946 1.14793056 7.89103611
-1.35543717 -1.65001138 8.25445827 8.52618489
3.51723792 4.49703054 4.35847346 7.1826553
-1.0894044 8.289932 1.03538822 8.42506992
3.52495531 1.11219784 -4.44582659 5.78166655
5.33179909 -0.568577138 -7.09226809 8.89109825
7.99447771 0.826755167 -1.76287857 8.22817955
4.38760318 0.357595094 7.64862645 8.82498853
4.30978983 -0.52758359 -6.00250315 7.40828434
8.82373045 2.39068246 1.21923043 9.22280351
-1.05953164 -1.09381011 7.05520714 7.21768492
3.88136931 3.25185034 5.80513144 7.70318826
0.120452353 7.9500399 2.41018218 8.30822612
1.00261527 -0.471587978 -6.56395456 6.65681095
5.98571406 0.62852466 -6.05032632 8.53406495
7.87330059 2.64265984 -2.55331762 8.68861002
4.50452055 1.68641137 6.91792562 8.42569781
4.91931932 1.37511632 -8.69753691 10.0865155
9.11005616 1.63300071 0.802257096 9.289964
-1.99371078 -1.20018505 7.90948939 8.24471645
3.20349487 4.70306469 6.56731329 8.68969509
-2.54562522 7.98762641 2.20838916 8.66945016
1.83365601 0.517788179 -7.70938943 7.9413528
5.93349855 1.21015742 -6.05518283 8.56365139
7.9821276 1.56234042 -2.3601016 8.4690819
3.20802867 0.425997043 6.96563375 7.68068844
2.38505246 2.69100235 -7.07447765 7.93588073
7.64379031 1.99676143 1.39060937 8.02174426
-2.07309339 0.409275647 8.79865554 9.04884313
2.48351311 2.9802606 6.76025322 7.79428086
-1.65848728 7.43831496 1.03769433 7.69128851
3.61438776 -0.672835666 -6.22522044 7.22979089
4.92811377 1.2985519 -6.82509868 8.51789377
7.61440379 2.8511905 -2.2720414 8.44219192
3.61592634 -0.117291185 6.63684657 7.5588632
-0.855927572 4.74648609 -5.23154931 7.11553585
7.21336555 1.6016812 2.74252395 7.88159012
-2.06589702 -2.5758166 7.73740494 8.41250242
2.94586601 4.72197081 4.98737414 7.47322124
-0.769161977 7.60487324 0.879130431 7.69406118
3.19656863 -1.21611834 -8.2245231 8.90728775
5.1649082 0.319804829 -7.44280205 9.06497955
8.57492065 2.64775713 -2.5074357 9.31810688
3.61904691 1.30784949 7.9445185 8.82742007
0.55836677 2.31266913 -7.26483373 7.64447651
7.79645827 2.37172342 1.41586062 8.27130551
-1.70141975 -2.52578961 8.85209612 9.36130589
2.19079639 4.70450547 7.06839144 8.76892913
-0.672367198 8.13727521 1.09676963 8.23833898
1.93283678 0.570517983 -6.3722065 6.68328995
6.39443753 0.644646352 -6.23350696 8.95326808
7.3143553 0.771837439 -1.97131948 7.61456677
2.34294923 1.64062972 7.60289755 8.12312306
2.1930142 -3.536508402E-02 -7.03658196 7.3704849
8.11561398 0.877131544 1.4318378 8.28750322
-1.1003837 -2.30861442 7.33831782 7.77119381
2.14331954 3.49932811 6.42355643 7.62241386
1.6126858 7.988667 2.21183538 8.44462976
3.08098973 -2.29671516 -6.44732635 7.50569219
5.7866676 2.33677893 -5.94664407 8.62024555
7.74859645 2.15627222 -2.66525935 8.473126
4.5710027 -0.443118891 7.67429243 8.94344365
0.677418162 2.62118084 -7.08962344 7.58895546
8.21201891 2.76925131 2.00752362 8.89585063
-1.21787489 -1.98068728 7.84791252 8.18511284
2.97146013 3.67416588 6.25562513 7.83976504
-1.12739784 7.47968358 1.22786129 7.66318052
4.35807578 -1.04911443 -7.77565126 8.97520017
4.95331631 0.371665668 -6.92047954 8.51859818
6.92696551 2.06776583 -1.6927246 7.42454195
3.97971072 1.5790148 7.73475882 8.84069449
2.22667548 -0.85305927 -8.7917795 9.10940067
8.35731778 2.06583916 1.29497969 8.70571216
-2.63048782 -2.03770416 9.36940857 9.94271197
3.11322186 4.08803538 6.46311002 8.25687439
-1.01968933 7.70232327 0.95252755 7.82769818
1.96461757 0.929454693 -7.09408857 7.41954856
4.94188837 1.28711102 -6.61599165 8.35764685
9.35541558 1.42736845 -2.35543387 9.75239714
2.71103967 2.14192998 6.34890166 7.22815
5.60426075E-02 1.69418169 -6.71828705 6.92883636
7.19549325 2.28333815 2.30428929 7.89294022
-3.0042462 -0.436491155 8.36662245 8.90035904
3.04232827 3.7756244 7.64019335 9.0489588
-1.35840879 7.96047469 1.92313942 8.30137922
1.33543701 -0.510457077 -6.61079182 6.76361789
4.86109992 0.524899175 -6.86741686 8.43013795
6.80069807 2.74932395 -2.38505534 7.71341464
4.42311829 0.79289031 6.85359687 8.19539142
1.64875153 1.47788747 -7.2779724 7.60732642
8.92059285 1.92714137 2.1442261 9.37488967
-1.36594865 -2.99893206 8.89828158 9.48887898
3.39370884 5.58332758 6.13641898 8.96361782
-0.977931706 8.48299134 0.861268887 8.58249827
3.67555113 0.513271487 -6.5867673 7.56033248
4.71088251 1.81767031 -6.43937315 8.18302303
8.35952439 2.71021609 -1.72361069 8.95531982
4.70682332 1.05613535 7.84928307 9.21308051
1.53096715 1.52943459 -6.63077501 6.9749701
8.73281902 1.98400925 1.55621355 9.08956662
-2.5141389 -1.52968928 7.74141444 8.28192859
2.96121476 3.20566269 6.21744537 7.59616305
-0.816043828 7.84153431 2.92328929 8.40840104
1.82142204 1.11892027 -6.96842081 7.2889265
5.077418 1.68753247 -6.886436 8.72071902
7.23672657 1.00168173 -2.33517001 7.66984985
5.13941515 0.972713209 6.34289117 8.22143707
3.0685095 1.25179844 -7.6586059 8.34487832
9.10943752 2.53067394 2.45363435 9.76762428
-1.07285602 0.276660498 8.0244363 8.10056412
4.40868645 3.7091078 5.6307047 8.05598115
-0.631241532 7.94893622 1.28121088 8.07623392
1.15236779 0.595558365 -6.76207227 6.88536583
5.93218203 1.34051289 -7.13483559 9.37516066
8.08566012 2.15573921 -1.2230076 8.45700057
4.44759595 1.3325804 8.22140336 9.44184058
2.70439631 -1.04361516 -5.4908877 6.20908526
7.28472769 2.37668375 1.77480706 7.86548302
-1.51364992 -2.32954769 7.51821257 8.01507635
3.06943734 4.18331553 6.02054733 7.94786541
-0.293986757 7.75998397 1.97620834 8.01306301
2.93554593 -0.712763028 -6.11244737 6.81817232
5.33653291 1.65357154 -5.86169185 8.09767336
7.58126144 1.69979342 -2.08141725 8.04345202
4.59697108 0.146543112 7.52004894 8.81503001
3.17837404 1.83563246 -9.69991513 10.3711119
8.64730378 1.97310275 1.83467145 9.05731839
-2.14041815 -1.91100858 8.52126899 8.99140527
3.21663141 3.90869395 5.06619093 7.1617663
-2.5383073 7.692921 3.13023004 8.68460578
2.22245406 2.02017052 -6.39691611 7.06688947
5.30891439 2.19113664 -6.48080175 8.6594713
7.91591612 1.68189233 -2.01913163 8.34070634
3.37483281 1.53491263 6.77076855 7.71937563
0.765107313 -0.307402369 -7.2051215 7.25214873
8.0780849 1.95454438 2.82889647 8.77942792
-3.10959279 -1.79361252 7.69875438 8.49455309
4.23260137 3.01921864 6.62480359 8.42131927
-1.29975312 8.50205921 3.26094749 9.19826872
2.14475608 -0.174355926 -6.34019681 6.69540695
5.4460442 2.77265322 -7.77820465 9.89178805
8.21467685 2.79422933 -2.99287243 9.17855755
4.56909491 8.758716974E-02 7.74016549 8.98857395
1.69693168 -0.696341305 -7.25281262 7.48116029
7.70673571 0.978286831 0.369110464 7.77734292
-2.58656303 -1.28742696 8.76368591 9.22767399
3.56211713 4.7397137 6.59135941 8.8656406
-2.21704596 7.75457388 0.997348656 8.12670987
3.6526129 0.967007708 -6.12116324 7.19342229
4.92270529 0.717670417 -7.10352103 8.67225975
7.07143513 2.31891565 -2.82012672 7.95837165
4.9082875 0.176336324 7.12656325 8.65507276
2.51800596 2.59330364 -6.53744034 7.47018768
7.97211878 1.97985584 1.76204145 8.40114856
-1.85277928 -1.68294407 8.27731758 8.6474897
3.29384675 3.94831557 5.6478562 7.63785978
-0.720857092 8.27008818 1.87898102 8.51143719
0.302155093 0.196751656 -7.17442399 7.18347885
4.73156736 1.90129446 -7.0911772 8.7342684
8.21305663 2.17779981 -2.11984962 8.75733256
3.59882982 0.25490522 8.00832818 8.78350004
-0.204693255 3.37881389 -6.34600235 7.19235904
8.86899032 -0.282071386 1.34217408 8.97440721
-1.51370035 -2.06875427 6.76317661 7.23267522
3.94317407 3.50988438 5.56860572 7.67315319
-1.1785341 8.69459643 1.42569806 8.88918245
1.45861807 0.400138567 -7.29967777 7.45472824
6.28008826 1.09945825 -6.45860736 9.07534715
8.17987967 1.25839625 -2.6581906 8.69252378
4.787959 -1.19762376 6.21365763 7.93526277
2.7489156 2.75421211 -6.25404162 7.36581685
7.85183202 2.03504271 1.33240946 8.21997445
-1.63604825 -1.58010507 7.92519687 8.24512773
2.76852466 3.88155388 6.87676985 8.3678643
-1.95538616 7.57589063 1.25881057 7.92478757
1.61330828 1.50972745 -6.22678674 6.60718652
5.41415702 1.30437593 -7.59957176 9.42167627
7.82599473 0.911354997 -4.00558555 8.83863547
3.51958614 -0.101919772 7.51325024 8.29739739
0.940798108 3.24215927 -7.10825474 7.86917932
7.51975457 1.64230937 1.11848571 7.77784669
-0.860808282 -3.13445129 7.79698206 8.44740819
3.14930063 3.83638504 4.93592294 6.99994856
1.701356158E-02 7.83895356 0.634321545 7.8645944
1.10438771 -1.26257056 -7.84866167 8.02591096
5.72226629 -0.240372385 -7.79155656 9.67008087
7.9538872 1.38079171 -3.48673345 8.79364643
5.30272537 -3.536308327E-02 7.10840436 8.8684586
0.695089038 3.06858102 -8.11326799 8.70197999
8.20324354 1.16845719 0.385490059 8.29500448
-1.23356778 -2.84386839 8.54528009 9.0901644
3.28992903 3.7862467 7.524428 9.0430257
-2.23211062 7.52646295 0.968981686 7.9100498
2.67195794 2.0337931 -6.19556151 7.04703172
5.25646544 1.09999001 -7.25547656 9.02675728
7.55364941 2.77594326 -2.52417136 8.43415209
5.40671692 0.471926852 6.45179426 8.43095202
2.75501497 -1.13682156 -6.86739995 7.48623088
8.42877 3.027465872E-02 0.326033183 8.43512761
-0.998376912 -1.86465588 8.19092567 8.45960764
4.11313477 2.73208766 6.05272233 7.81137813
-6.476949435E-02 8.6856123 1.58061995 8.82850019
0.114040508 -0.19571159 -6.97273984 6.97641808
5.8444817 2.01453217 -6.77114483 9.16868084
8.25021222 1.8220787 -2.11879684 8.71064134
3.34610798 0.805169794 7.48262008 8.23616053
2.04306595 1.25339923 -10.0277906 10.3102722
8.47441793 -0.139418745 0.471945155 8.48869419
-3.03761317 -1.46062832 8.38390444 9.03606012
3.13524103 4.34846333 6.03620265 8.07307947
0.253171479 8.00270888 1.53012234 8.15160841
2.92304552 1.63022968 -6.30631707 7.13943128
5.35666674 2.63337288 -6.59765137 8.89705204
8.14466947 3.26626106 -2.00932637 9.00230495
5.93556873 -1.69672728 5.67919654 8.38827353
2.52419644 7.4671415 -8.09310137 11.2972589
7.99307656 1.27748838 0.76189948 8.13029767
-2.73920759 -1.69787167 8.4546403 9.04803675
3.25229224 4.35701563 6.28658272 8.31156497
-1.31751595 8.65077522 0.857855391 8.79247838
2.03683594 -0.316845739 -6.28358371 6.61305649
5.04741588 3.2625021 -6.26028282 8.67821802
7.16015727 3.87977337 -2.4593082 8.50697892
5.33992978 -1.38915621 6.24360645 8.33230019
-0.141986659 2.0876763 -6.45242028 6.78323522
8.34927204 0.74817105 1.02249664 8.44485659
-2.1455101 -2.23284317 8.35384336 8.90929296
5.25046586 4.14060867 5.82953721 8.87105044
-0.10129305 7.52597438 1.59747762 7.69431514
2.10660147 0.68057257 -6.81959802 7.16992789
5.48627726 0.992005322 -7.62461447 9.44553114
7.65593564 3.76207526 -3.15854661 9.0963167
5.18560636 -1.76655221 7.10112821 8.96868117
1.98556655 4.60110555 -5.59994705 7.514789
8.35206896 0.946725047 1.44089104 8.5281599
0.698823562 -1.21270611 7.87172127 7.99518644
4.16405593 3.88721267 6.87006769 8.92455121
-0.719998828 8.14693623 1.09751876 8.2520007
1.47352536 0.211289248 -6.28179381 6.45576127
4.77714916 2.23866972 -7.74482215 9.37096934
6.7992805 2.92160651 -2.09387385 7.69092372
5.11267463 -1.37148847 7.22163577 8.95390673
4.7620938 1.30522386 -6.93199115 8.51079597
8.22118664 0.283799033 -0.785877289 8.26353766
-2.56052668 -1.6774098 8.58783762 9.11706946
4.58636216 4.08076944 6.64039612 9.04335434
-0.832285988 8.27574752 1.11238349 8.39154896
0.623712102 -0.206927809 -5.84437451 5.88120305
5.58000529 -4.855407695E-02 -6.12745233 8.287610
7.79702207 0.735966533 -2.14043984 8.11890895
3.82474616 -2.16948738 6.72591924 8.03575437
0.372523519 5.84837506 -5.39916672 7.96826618
8.42950459 1.11250905 0.379137842 8.51104985
-1.92692559 -1.06525676 8.11252856 8.40600582
3.60363192 3.95701688 5.84367439 7.92418298
-1.50052348 8.65054668 0.950415175 8.83101453
3.8321036 -0.919196351 -4.96147246 6.33609887
4.99010665 1.62573998 -6.79984719 8.58965172
7.88818427 3.6436552 -0.998694053 8.74626001
4.50370306 -0.493234747 6.27760543 7.74176671
-0.865345943 5.02371434 -4.88896177 7.06317751
8.84110377 -2.770064697E-02 0.576853944 8.8599460
-3.10104809 -1.69410008 7.68749558 8.46073653
3.37373073 3.88426681 6.79243728 8.52096191
-2.52871873 8.02194432 2.51389342 8.77870545
2.10072906 0.264689726 -6.38119723 6.72330286
5.05846625 1.75406416 -6.55606382 8.46444296
8.81358268 0.786527338 -2.0359585 9.07981233
3.91911198 -1.33788397 7.23619151 8.33737608
2.27189143 3.47592036 -10.0196432 10.8460483
8.77081728 -8.404755522E-02 0.275075785 8.7755322
-2.43573728 -1.40139049 7.73173262 8.22656676
2.00955704 3.8164561 6.88696514 8.12612733
0.157219055 7.35090323 1.68230117 7.54258797
2.23629086 0.986808026 -7.28296768 7.68221355
5.4268619 1.78297036 -6.76015371 8.85039499
9.00072127 3.17583923 -1.73446977 9.70089293
4.34194189 -0.491873989 7.96669272 9.086396
3.33656128 1.69015877 -7.11527401 8.03843281
8.01171679 0.544884187 0.275697987 8.03495577
-1.55084265 -1.44344983 8.37796926 8.64170292
4.34827927 3.48750335 7.13878407 9.05717673
-1.37178777 8.48928797 0.649710075 8.62391646
3.02999463 -9.205705039E-02 -7.27259992 7.87908951
5.12256792 2.26949448 -7.07094945 9.02162033
7.89868456 2.56400471 -2.74822916 8.74734826
4.03728919 -0.988572235 6.74019977 7.91879233
1.71982854 0.881144644 -7.8491816 8.08355602
8.56130913 0.160066416 -0.369558302 8.57077643
-2.17229326 -1.61882722 8.95048166 9.35150156
3.11271539 4.0506751 5.62594091 7.59922213
0.867472249 8.29415936 0.755724366 8.37357193
3.48961798 1.22606075 -6.18265153 7.20457067
5.28099916 1.39256256 -6.37798551 8.39683761
7.64355094 1.86900845 -2.1962379 8.1694874
5.94414221 -1.58275432 6.3985442 8.87577071
4.30002745 0.761119369 -6.31020776 7.6738687
7.86784866 0.5325932 0.251340615 7.88985869
-2.15944215 -2.08894259 8.62589534 9.13416345
3.67581178 3.27615779 5.86900452 7.66094095
-1.73408873 7.39821045 0.450666193 7.61207472
2.13139673 0.249011772 -6.62112765 6.96018608
4.63379204 2.56289325 -5.73066274 7.80262429
7.04824912 5.09168519 -2.09955075 8.94489727
5.4952474 -0.385261337 6.51483973 8.53166496
0.587030439 5.01388019 -7.15728449 8.75844281
8.76739868 0.665219128 1.76965426 8.96891701
-0.971403385 -2.71986634 8.26862119 8.75850409
3.58030597 4.30852184 6.72892094 8.75558841
0.114814765 7.79240106 1.03393571 7.86153419
1.21557335 -1.29447627 -6.0352609 6.29107793
4.75813174 1.1822371 -7.21772464 8.72542556
8.04370889 2.12818597 -1.41586858 8.44008957
3.69250724 -0.158113987 6.96946731 7.88879486
-1.54971378 2.53670076 -8.04958751 8.58092784
9.51193898 1.69823628 0.305512925 9.66717786
-3.16496863 -0.50608946 7.71899333 8.35799085
3.88164341 3.21066109 6.77132381 8.43956908
-1.39853188 8.07645006 1.29047609 8.29760601
2.08488467 0.728400514 -6.23787087 6.61727621
4.52012049 1.52691126 -6.8933002 8.38334867
8.27134238 3.54130507 -2.12869682 9.24593405
4.88969445 0.651093997 6.76845056 8.3752587
2.36870512 2.93018773 -8.14342664 8.97285693
8.08240485 0.765237442 -0.379453037 8.12741294
-3.76233929 1.00013283 8.20790851 9.08433953
3.04718732 3.55753331 7.09629159 8.50286705
-2.20159519 8.7980599 2.56996938 9.4264321
1.80982002 0.517968661 -5.4708729 5.78568841
4.85213685 2.32241809 -6.90892055 8.75614304
6.90624249 2.87764057 -1.92637195 7.72579507
4.80006097 0.338660629 6.40891149 8.0143261
0.697963032 1.57956768 -6.32402236 6.55556598
7.73305395 2.270831 0.708825277 8.09068786
-2.4519563 -1.51759423 8.19530972 8.68782385
3.84364179 4.00093153 5.91290863 8.10823802
-2.37461526 7.27920183 0.306076245 7.66284931
2.12780307 -0.461715501 -5.64601799 6.0513012
4.87102812 1.55671401 -8.01824943 9.5101313
7.61410104 1.74313672 -1.92319902 8.04436167
4.13696722 0.634122929 5.86258927 7.20323279
-0.650603566 2.82736137 -6.11378552 6.76724691
8.41443557 2.05488433 1.31802086 8.76141852
-2.6408199 -1.09316627 8.33677445 8.81310107
3.62231744 3.0763574 6.24701341 7.84922512
-1.68066545 8.20298853 0.604141526 8.395156
3.05975931 -0.439230155 -6.38672499 7.09544264
5.70853239 2.4301025 -5.94199268 8.59069364
8.5617504 2.10372125 -2.53795854 9.1744453
3.07469794 0.394332996 6.80350961 7.47643023
-1.00316097 3.56683168 -6.32132444 7.32719338
8.33399582 1.90337698 0.824231001 8.58822956
-2.93031917 -2.35196492 7.56084061 8.44303382
3.04352182 4.9038398 5.86808418 8.23074006
-0.812194177 8.23914347 0.857882168 8.32340713
4.33270879 -0.925233814 -6.1625911 7.58985851
6.05998712 2.21136861 -7.46261545 9.86429036
6.97422623 3.46229133 -0.799122171 7.82725297
5.58811138 -1.32051202 6.49669908 8.67051554
-0.673471729 2.64063554 -5.43781982 6.08246698
8.62710107 0.937281274 -0.350545925 8.68494396
-1.98301995 -0.669124274 7.39640719 7.68680263
3.03222571 2.65519808 7.10775917 8.17096751
-2.4640975 8.31465195 1.42457914 8.78832403
1.71477365 0.458905767 -6.83180802 7.05865738
4.82422054 1.62242209 -6.24186347 8.05395659
7.40436069 3.79801444 -1.98350337 8.55475053
4.88151217 -0.577209694 6.98237046 8.53907661
-1.22483444 3.74311197 -6.55826364 7.64996265
7.94736263 1.25208282 0.908110065 8.0964775
-2.36191225 -2.27407635 6.91071194 7.64905172
3.69430887 3.46247935 6.40362521 8.16352235
-1.34318672 9.11561322 1.26628592 9.30064702
3.22057936 0.604663638 -5.88399041 6.73491594
5.09347887 2.82159832 -7.05276365 9.14584163
8.72071714 3.10220859 -1.45401377 9.36956572
5.33868055 0.208115881 6.74432635 8.60411298
0.639131926 4.77180396 -5.41845743 7.24832971
7.3759686 1.5745642 1.04705899 7.61449261
-2.99199822 -1.17130539 8.5285144 9.11370218
4.80432574 3.89746166 4.90795871 7.8968229
-0.848724358 8.53978895 0.488947563 8.59577792
1.77041248 -1.53027827 -6.45336025 6.86454444
4.5823581 1.01318134 -6.24278958 7.81005531
7.00666641 3.79491091 -1.9298067 8.19871191
4.00061264 0.277140425 7.11488075 8.16720493
-1.97672834 4.73660393 -5.26863167 7.35536208
8.31758373 1.73265933 2.09421468 8.75043099
-1.73264249 -1.81775266 7.66942999 8.07009486
4.28793787 4.06426075 6.35311891 8.67564098
-1.18907065 8.96345496 0.414544435 9.05147838
2.37746243 1.61161028 -6.19218994 6.8258942
5.26509913 2.00733014 -5.66368689 7.98924229
8.25378296 3.11561051 -7.685031016E-02 8.8225771
4.73682711 0.899051877 7.44625262 8.87087952
0.398323667 0.77888303 -8.03406936 8.0815587
8.16972832 1.57966731 1.70638807 8.49420802
-1.64480563 -2.81314572 8.05754662 8.69156096
4.07817882 4.25273657 5.8932787 8.33354934
-0.278129921 8.38771725 1.34524254 8.49946083
3.05717574 4.97388465E-02 -7.84171591 8.41672774
5.59267008 2.7406909 -6.57535864 9.05674812
7.97802814 3.52403566 -2.65658869 9.11730354
5.2149758 -0.865591551 7.27800185 8.99525054
2.43004417 1.08482758 -7.29354901 7.76387936
8.64507097 0.842172672 2.2355864 8.96907762
-2.22464925 -1.67147986 7.5867011 8.08089988
2.72299217 4.2603965 5.56533852 7.51921921
-1.04176307 7.77530756 -0.399380196 7.85494637
1.01816881 -1.01915742 -7.02872743 7.17484208
5.05079071 1.28915123 -7.69496453 9.2943465
7.18103711 3.54134888 -1.80857336 8.20849459
3.90873595 -0.545737353 7.73098874 8.68010558
-2.24349598 4.59473081 -5.91287204 7.81708905
8.05069628 0.51330448 2.09958688 8.33579373
-1.37865781 -1.48175362 8.48310641 8.72120322
3.01350433 4.088794 6.65874437 8.37486246
-1.11013248 7.90790897 1.90513295 8.20956455
2.61180707 -0.579613135 -7.34616971 7.81816455
4.71712139 0.703705892 -6.70492387 8.22814927
7.81060266 3.11133053 -2.21359624 8.69401518
4.31059752 -0.522961758 6.66594785 7.95547615
0.553261055 4.48364833 -6.89934026 8.2468234
8.55373247 0.833692541 1.42640875 8.71183243
-2.1219551 -1.61071194 7.46489048 7.92601264
4.28297123 3.94995432 6.52419998 8.7470662
-0.427556299 7.39090459 1.01122643 7.47200468
1.40983373 -2.78065178 -7.78326685 8.38444383
4.73606882 2.25004394 -6.98596816 8.73480376
7.40070065 1.52638841 -1.33364917 7.67325562
4.23597575 -0.54327704 6.70552741 7.95001499
1.50165096 4.9505904 -7.76207488 9.32808165
8.05293475 0.776701056 0.528022088 8.10751688
-1.51389642 -1.76456848 7.66644949 8.01124411
3.94157216 4.03217201 6.54816179 8.64134394
-0.740904506 7.71643056 0.732953883 7.78649224
2.38534742 -0.329982145 -6.30169396 6.74611869
5.30738725 0.81606511 -6.91747788 8.75704413
7.79491358 1.66545774 -0.749076096 8.00596917
4.26733881 6.442932217E-02 7.66107162 8.76962656
2.87115227 2.4744693 -7.39304677 8.30804756
8.1022027 0.405718993 -0.215293611 8.1152109
-0.933602218 -1.71220333 8.1018577 8.33326776
4.61510013 4.46663359 5.941827 8.74958701
-1.37759864 7.37211389 0.676189306 7.5301443
2.73968461 0.528015994 -6.55125431 7.12064643
4.73521493 2.15115668 -6.67762097 8.4640627
7.33867275 3.22714352 -1.58217779 8.17152737
5.97116945 -1.04919249 6.82836248 9.13138564
2.10988905 4.88257139 -5.47490348 7.63319744
7.72078121 2.24975948 0.527538762 8.05916728
-2.13224849 -2.05566986 8.78569853 9.27150263
4.17272076 4.06246906 5.74194125 8.17833374
-1.90785382 7.58068431 0.312433969 7.82331744
1.92927743 -0.362450184 -6.94178803 7.21400739
4.59701476 1.4263909 -8.11850536 9.43807527
7.09219804 3.21605773 -1.53957818 7.9380477
3.54145223 -0.674065948 7.05180552 7.91986174
0.278121832 1.59961297 -5.75791838 5.98245247
8.02385146 1.39876512 1.40834557 8.2657228
-1.4141058 -1.23004769 9.07105953 9.26265802
3.51486979 4.87171827 6.21828721 8.64609995
-0.410098958 9.35519685 1.3841138 9.465921
3.25925513 1.52335446 -6.90843197 7.78908115
6.08243948 0.963259364 -5.46664356 8.23456924
7.9702053 3.27002533 -2.23753266 8.90077473
3.99466201 0.456887023 7.66246299 8.65328894
-0.624004881 6.04743283 -6.62341556 8.99057616
