-0.138569582 1.73972159 3.76785441 4.15241611
-3.0274983 0.627805973 -2.58401092 4.02951595
1.55290338 -0.989653056 -4.2202557 4.60450652
-2.45890062 -3.39903894 0.819007385 4.27439248
-3.08720058 2.2084726 0.174442544 3.79981431
-2.44564326 1.85839652 -3.62888704 4.75432747
2.12361773 -3.46321677 0.735888063 4.12857771
-2.01635284 -3.42366933 1.22987045 4.15929943
3.07649304 -2.86825315 0.352258337 4.2208733
2.28613352 2.73909128 -2.65885086 4.44955227
3.88723825 0.942345681 -0.744839904 4.06858982
3.46154609 0.505373562 1.91569886 3.98843401
0.330916909 0.238163583 4.17765603 4.19750376
-2.47604463 -1.65752537 2.80754311 4.09395722
0.598138248 4.06597862 -0.949196434 4.21792904
-1.15587667 3.03960645 2.38144986 4.03070238
-3.93989903 -1.67645954 0.494577153 4.310212
-1.086206 -3.52189443 1.4422242 3.95772592
-2.48353046 0.908411832 3.20087079 4.15195248
-1.92162852 0.135081266 -3.96109571 4.40467732
2.38651358 3.0516468 0.120987649 3.87590419
-3.30220107 -1.04504871 -2.30424957 4.16007509
3.86256352 1.97775819 0.129105798 4.34138143
1.47524813 -3.83121045 0.227287653 4.11171379
2.00717709 -0.615878857 3.47199399 4.05743872
1.99359707 2.73227003 2.30943422 4.09551159
0.426874179 3.68020475 -2.23124504 4.32487953
2.87079618 2.80935268 -0.105061008 4.01808052
-1.36214044 3.846089025E-02 -4.30886786 4.51920879
-3.04079451 1.27598666 -2.32756932 4.03635382
-1.22233571 3.38997753 1.7468382 4.00468425
0.262364668 -1.05613316 3.83221089 3.9837285
-1.01475398 0.373767236 4.18374107 4.32124021
2.85215152 -0.249313258 3.04469985 4.17936868
2.11312841 4.066953398E-02 3.76662659 4.31907879
-0.669654953 3.13877884 -2.66998752 4.17482978
0.637783348 -3.94642529 0.684921053 4.05587931
0.149965334 3.8572048 -1.1352546 4.02359559
3.23470918 1.70784412 2.9240466 4.68296097
-0.947153796 -4.397278844E-02 -4.16167607 4.26832305
0.838428938 3.64903747 1.6905887 4.10810513
0.91495389 3.63688462 -0.900699719 3.85685498
4.00047073 -1.6935429 -3.564630784E-02 4.34432092
-1.3865515 -2.15390825 -3.23819676 4.12889381
3.95849844 -0.457294792 1.57203726 4.28370512
-2.44394958 1.76841545 2.98831439 4.24619897
3.69221102 0.727382567 -1.49853637 4.05057019
2.76093622 -0.214823493 -2.70077221 3.86821516
1.798375424E-02 -2.85410108 2.8184621 4.01122737
3.59480789 -2.09587171 1.009905 4.28196568
-2.65726666 -1.5779257 -2.21700539 3.80342326
0.56836315 1.35428082 3.66687428 3.95007344
1.14326685 1.0358103 3.52518595 3.84797324
-2.74799512 1.83397318 -2.34749475 4.05285904
-3.58542436 -0.30759111 1.16587659 3.78274349
-1.59636496 1.4146211 -3.47203668 4.07487088
-2.37630203 -2.51309942 2.11193028 4.05249671
-1.17858059 3.02029777 -3.32878083 4.64672279
0.684814413 -3.98364828 -1.17012933 4.20804314
-2.21803972 -3.18237198 0.99635521 4.00498631
1.02107025 0.62716577 -4.30744491 4.47101812
3.2027346 1.66594017 -2.94345624 4.65798241
3.85541612 1.33510168 -1.57899264 4.3749226
2.6316351 3.02098726 0.79795326 4.08516789
-2.87267776 0.372520545 3.00440337 4.1734265
-2.96077139 0.113438976 2.11839973 3.6423417
-0.325791991 4.49174078 -0.816629437 4.57698146
-1.05476315 3.17830612 1.34357914 3.60823503
-2.77029483 -3.30138075 -0.70573075 4.36711624
0.66375241 -3.25882909 2.20680228 3.99130437
-3.50318014 -1.09234968 1.98975897 4.17428313
-0.957282701 0.884947512 -4.17439254 4.37322253
-1.81411132 0.662542915 3.74592069 4.21448512
-2.61821192 -1.90777273 -2.656131 4.18923171
-3.55620005 -2.11834403 1.21685276 4.31447225
7.654762665E-02 -3.97971509 1.24088527 4.169387
2.4649994 2.00172163 -2.86000582 4.27349328
2.24911849 3.05400294 2.08199962 4.32668353
-0.564848816 3.38827991 -1.89465829 3.92291027
-1.98763076 3.55134667 0.577291172 4.11047495
0.234592814 -3.26227233 -2.4755741 4.10194121
-2.72005066 -1.68217922 -2.85127184 4.2846416
-1.6930436 -2.69714098 -2.55764389 4.08442265
3.57937047 2.29406624 -0.562902923 4.28853035
-0.156464837 9.091022393E-02 4.22386495 4.22773947
0.103469297 3.48096141 2.34162776 4.19654844
2.70620037 0.509707847 3.26842553 4.2738657
-0.619661072 2.83655854 -2.67862457 3.95032579
1.79078296 -3.1539744 -1.74660184 4.02555289
-1.36606923 3.36877059 -2.16161541 4.22934293
2.37312191 -0.632882152 3.59322112 4.35241145
-2.61555803 1.79643833 -2.72057543 4.17969678
-1.77578822 3.47413338 4.263228424E-02 3.90190262
2.82277971 2.717368 -1.44801607 4.17719101
4.12082404 -0.293594971 0.944766504 4.23792078
-1.39589142 -1.37646914 -3.31146129 3.84824064
3.90286715 0.255419368 1.80296971 4.30677499
0.690656674 -3.79748824 -1.29195617 4.0702671
2.01223715 2.05418324 -2.62926522 3.89638328
-2.140299272E-03 -1.56313856 -4.15958158 4.44359378
-3.05265584 -1.11578193 2.77960251 4.27666542
1.38279787 0.714112016 4.01378471 4.30494525
-3.3917783 -0.986161625 -1.84372719 3.98447045
-1.01272142 -0.63875492 3.99696098 4.17244647
0.284795942 1.60506541 3.68560817 4.03001877
-3.57181117 -1.65280722 -0.966248834 4.05256012
-1.29325124 -3.65912717 -1.46267697 4.14742502
-0.445584986 -2.53382044 3.20241541 4.10782868
-1.52692882 -2.73033989 2.39918882 3.94238184
-2.31016036 2.08204304 -3.67660136 4.81551053
1.75143909 -3.04749593 -1.91977571 4.00503546
-1.46479546 -4.30501419 -1.552536923E-02 4.54741838
0.404945868 -0.16498609 -4.01097287 4.03473728
2.96996509 2.30622606 -2.64624323 4.59804029
3.52743088 1.76345965 -1.64921666 4.27463146
3.65719483 1.30228315 1.25948358 4.08133732
-2.70545628 -1.09251238 2.590915 3.90204017
2.2579844 3.68790403 1.15965376 4.4770444
-7.913738694E-02 4.82962663 -0.591949501 4.86641144
-1.57520713 3.57126148 1.22266222 4.09024314
-3.91948071 -1.16062377 1.15853734 4.24871573
0.444835029 -3.20523018 2.53683492 4.11180132
-3.87376065 -0.633041195 0.757177454 3.99750928
-2.34594977 -0.462129476 -3.559452 4.2879765
1.29732259 0.194246313 -3.74128271 3.96458999
-2.70663939 -0.55240646 -3.15745612 4.19530438
-1.65920888 -3.30176553 -0.7354998 3.76770351
-1.68793976 -3.41991973 1.6526949 4.15648794
2.09944248 0.389643672 3.54895132 4.14180352
2.70602154 2.743316 0.963041959 3.97187425
1.04119119 2.97279525 -2.87682607 4.26587845
-0.398681082 4.11750301 0.367099895 4.15301577
0.598704059 -2.13664129 -3.83152048 4.42766662
4.0763263 0.189902684 0.86217653 4.17083295
0.578714862 4.03158138 0.64611276 4.12383572
2.89086472 0.995626325 2.38707811 3.87898343
0.678458012 1.11885157 4.1150558 4.3180804
-0.414609738 4.15759391 0.73595146 4.24253614
-3.6218624 0.818355822 -1.18939881 3.89900795
-2.77045571 2.39792637 -1.1899474 3.85246032
-3.17666128 2.07131461 0.985994703 3.91838061
-0.467408123 4.00444479 -1.24929274 4.22075595
1.57534143 2.99293323 3.14982499 4.62176886
-2.24095637 2.27558685 2.96888331 4.36055605
3.863192 -0.213512122 1.49135929 4.14656392
-2.16944447 2.66740472 -2.15363469 4.05705307
3.75261286 -1.33498533 0.895771588 4.08248648
-1.93130411 -2.33048285 -2.71428023 4.06551387
4.11777584 0.149355914 1.20036067 4.29176547
-2.34428907 0.264005301 3.46408234 4.19109252
3.58503225 -1.30084462 -1.30790553 4.03178246
6.323603157E-02 1.42330561 3.83921134 4.09503863
1.82202316 -2.79301781 2.02321514 3.9005277
-1.95882751 2.91792729 2.31933134 4.21077223
-2.1547555 -1.93726419 -2.40099161 3.76307381
0.345634238 2.17744027 3.71728922 4.32191489
1.6933954 9.939116666E-02 3.85137409 4.2083903
2.64205204 1.27183469 2.77068914 4.03419395
-1.7516487 -3.27550917 1.703484 4.08645216
-2.85062248 -3.04756116 0.692757762 4.23008166
-0.70516164 -2.36401213 3.21423076 4.05180029
-1.97051551 1.00278692 -4.39510501 4.91990458
1.37358145 0.105708906 3.85646309 4.09514443
-1.92991927 -3.57618118 0.663470054 4.11750565
-1.87305045 -1.27687092 -3.32091664 4.02084626
-2.56128099 3.32878285 1.50227571 4.46069365
3.4873627 1.36533705 -1.7844185 4.14849289
-3.9047436 0.935259844 -1.38030559 4.24581877
-2.6544431 -8.253738637E-02 2.83620638 3.88547902
-2.66071503 -1.53830185 1.72792713 3.52583454
0.170784558 4.37171838 -1.37693454 4.58661506
-2.3867886 1.96200928 2.88750393 4.22893831
-4.4080267 1.417167254E-02 0.839692119 4.48731357
-2.20757349 -2.80036896 -1.32307654 3.8034167
-3.42676187 -1.46862349 1.21846408 3.92227059
-5.864834104E-02 0.457542152 -4.1111719 4.13696976
0.514983746 1.07815272 -4.34878662 4.50994086
-3.41373428 -1.47050635 -2.42000804 4.43535901
-3.63786288 -1.33940958 1.00469781 4.00468252
2.19018523 -3.41304094 -0.733287859 4.12110069
3.28532127 -2.06903231 2.11614674 4.42179913
1.8402365 3.60558011 0.397309429 4.06749715
-0.440020318 3.07261353 -3.08336779 4.37512613
-0.450264291 4.10952815 -0.767563613 4.2047727
1.26479136 -2.54148198 -3.34833724 4.38978247
0.268447325 4.0544733 -5.844495672E-02 4.06377085
-2.01328082 -2.3515509 -2.64233238 4.07001372
1.66854752 -0.488071237 3.98710398 4.34962786
0.713609601 0.6576452 3.93135396 4.04935548
-1.53475985 3.78915168 -0.507675469 4.11957432
-2.92156732 0.469624646 -2.9486266 4.17737977
4.10524059 -0.923284906 -0.799206914 4.28301144
-2.10935572 -2.36869619 -2.68571261 4.15609858
-0.591421801 3.54200822 -1.83471196 4.03258849
1.92464813 1.53961121 3.86467322 4.58370726
1.87715167 -1.86685694 -2.85841613 3.89607443
0.895385341 3.2376806 2.3662237 4.10892993
-2.14543871 -2.05988954 -2.32726846 3.77653686
3.85324376 -0.257404289 1.13499442 4.02516543
-1.16595831 -1.91648619 -3.24328833 3.94351332
3.9991819 -7.857688908E-02 1.42184912 4.24514842
3.26874462 2.55062291 -0.96749296 4.25751234
3.87697852 -0.524465303 -0.753025848 3.98410269
-4.818944002E-02 -3.95808324 -1.14667711 4.121118
0.928250598 -1.43417586 3.70415316 4.07912493
3.61994985 -1.95637609 0.777953803 4.18767912
-3.65183117 -2.22046897 -0.489726895 4.30188165
-0.972113998 -3.26762647 2.34641938 4.13860753
2.16507478 -0.163428642 3.60947739 4.21219477
-3.05959235 -2.4260502 0.525878549 3.93997122
0.576759808 3.63360445 -1.63801953 4.02726224
-2.9403604 -3.03803728 -0.715747519 4.28808632
-1.72181607 -3.43858308 0.67913651 3.90509034
-2.97307669 1.78051168 -2.98158329 4.57156929
-3.15733812 -1.09289643 3.33014186 4.717314
-3.63698503 -1.9519632 1.129864 4.27953421
-0.898749428 -3.947488016E-02 -4.04262277 4.14151031
-2.70999706 1.39515063 3.28628341 4.48220794
3.37253815 1.44679577 -2.56129454 4.47520517
3.14030184 2.39677367 1.24039367 4.14060336
-3.43313971 0.280751709 2.69934486 4.37626924
-3.39790402 0.149701484 1.70808635 3.80601119
0.337667802 4.31275415 -1.54533822 4.59368459
-1.60845808 3.33888152 1.41788276 3.96807998
-3.86151692 -1.31501849 0.665648831 4.13324024
-1.10918422 -3.62524994 2.19865042 4.38255523
-2.27007147 -0.817791843 3.31587051 4.10085421
-2.28193831 0.139118903 -3.18979166 3.92445758
2.3000036 0.61589718 -3.41946074 4.16678025
-1.010013841E-02 -3.99817432 0.999433826 4.12120952
-2.54392571 -2.25747429 -2.53933637 4.24452322
2.38915226 3.51287992 -0.617098064 4.29292253
3.49802041 -2.28676456 1.74487252 4.52879885
3.75663511 2.00121775 1.27038718 4.44196616
-1.23155964 3.52363913 -1.55083949 4.04201373
6.566235149E-02 3.90865554 1.21867516 4.09476114
0.783967932 -2.59129098 -3.72357251 4.60373619
3.95122846 0.132681698 0.585365346 3.99655643
-0.857799737 3.74752349 -9.851423213E-02 3.8457064
1.4648693 -4.116132092E-02 3.77365306 4.04820871
0.746517367 0.24236631 4.14306714 4.21675645
0.188961986 2.80781356 3.06875783 4.1637481
-3.00794208 0.864481186 -1.9821414 3.704582
3.62025639 -1.65925506 -1.12001104 4.1368839
-2.56282616 -2.19660155 -2.30415301 4.08683953
-0.870942578 3.62949902 -1.52719634 4.03288145
4.4022471 1.98726448 0.966484834 4.92575807
0.891594148 -1.2028951 -3.98369409 4.2557861
0.749794786 2.2683647 3.59276781 4.31458586
-0.144744861 4.07790354 -0.668045285 4.13479538
3.68305689 -1.18961355 1.19306449 4.05012239
-1.26981147 -2.36479067 -2.86478279 3.92576572
3.7670132 -0.291397504 1.61660701 4.10958869
3.18034812 -1.78395786 -2.45523934 4.39605733
2.8053046 0.986212563 -2.84131883 4.11283866
-0.37735816 1.81695449 3.69264307 4.13271529
-1.00379248 -1.32169682 3.90922648 4.24694402
3.3942999 -1.81829041 1.36381717 4.08502743
-3.64585112 -0.521951399 -0.989020365 3.8135056
1.00730462 0.826966766 3.64406152 3.87010607
1.15862914 0.293064339 3.96569146 4.14186153
0.176933361 -2.45847919 3.19409021 4.03455545
-1.25964335 -0.333299987 -3.85707581 4.07121899
-1.03087008 3.3399197 -2.1330925 4.09485535
-1.46201478 -3.54635588 0.401163286 3.85681983
-2.51759587 2.68576062 -2.58707305 4.49939396
-3.61507816 -0.178562268 3.00231016 4.70261001
-2.43649463 -2.54391526 2.13609343 4.11957596
-1.55829728 -0.913071348 -3.6698578 4.09021344
2.50503588 2.94822514 -2.30186338 4.50175646
1.52970071 -0.633004916 -3.68332367 4.03826111
-4.16166746 0.520594954 -0.649226556 4.24405352
-3.39874577 0.296846738 2.49738936 4.22806628
-1.0615441 2.11981975 2.80476426 3.67249428
0.453972482 4.56465864 0.279639142 4.59569337
-2.64162622 1.48713696 3.20834654 4.41398379
-3.8197088 -1.40605184 0.277034174 4.07969423
-1.27675933 -3.32669679 2.01515983 4.09364081
-2.62828311 2.08343119 2.80877185 4.3746722
-3.40114021 -1.89202199 1.14213559 4.05610351
2.02098176 1.29148967 -3.44156816 4.19484257
-2.51665718 -2.57119331 -1.42455707 3.8696203
-3.3406713 -1.79877083 1.69961457 4.15744524
1.57419607 -3.92498015 -0.641556951 4.27728393
3.21952718 -1.32605584 2.46472694 4.26598854
1.98479621 3.2424988 1.59339445 4.12214996
-1.32578906 3.42195449 -1.72559206 4.05526289
0.596399037 3.92402663 1.41607118 4.21413507
1.90432601 -3.54774512 -0.972647928 4.14234197
-3.53765799 0.442180956 -2.14925588 4.16291351
-3.21769892 -1.04006305 -2.24136149 4.05697163
3.02942917 2.31598228 1.04995925 3.95520283
0.4258415 1.25248019 3.84732289 4.06840768
2.91423633 -2.49437451 2.17746803 4.41090065
-3.79759707 -0.96860626 -0.199680522 3.92425967
3.68368647 1.1024958 -1.75978188 4.22869663
0.558945357 -3.84779745 -1.24435655 4.08244882
-0.640931041 3.54196168 -2.25588679 4.24797721
4.72439815 -0.80281213 -1.99360385 5.19026988
2.83808557 -2.83320032 -0.551739506 4.04798348
0.784994381 3.88942418 1.40671696 4.20983245
2.80742575 2.99385194 0.113999657 4.10582327
3.33984787 -0.409298109 1.85455127 3.84206574
-2.7237015 -2.41690139 -1.84689504 4.08301157
3.44491988 -0.687212516 2.20200974 4.14591134
3.68913451 1.92557307 -0.951115942 4.26874298
-3.55641717 -1.55322788 1.18716451 4.05832226
0.586112188 2.00269806 3.59154421 4.15373528
-2.60041488 0.972453339 3.55935012 4.51406649
1.40330945 1.4473297 3.28514995 3.85438074
-3.59073947 0.722939261 -1.44201898 3.93642857
8.961076306E-02 6.354816237E-02 3.99342209 3.99493285
2.1154098 -0.218572543 3.43488845 4.03994941
-2.26686038 -3.13252523 1.42869017 4.12219916
-2.19074994 -1.60774312 -2.89718356 3.97213996
-3.64949262 -0.68635537 -2.18013328 4.30614226
-2.19815936 -3.37236994 0.715748618 4.08865255
-3.37350633 1.79922377 -1.92416587 4.28020624
-0.640055938 0.851832881 4.09716788 4.23344723
1.8416142 -2.33438471 -2.68227303 4.00443297
-0.859619385 -9.138002337E-02 -3.89767315 3.99238673
1.91538847 2.75589816 -3.24669969 4.66955528
3.88398374 0.57111745 -0.182735128 3.92999961
4.01699488 -0.67473443 1.56897331 4.36499618
-2.7315558 0.569597748 3.47057781 4.45317292
-2.29954516 2.13181247 1.68356186 3.55906067
0.192014216 4.53281892 -0.767969282 4.601423
-1.30722246 2.54487758 2.60146221 3.86688998
-3.20729627 0.508409852 2.54310741 4.12463637
-0.381070015 1.9424034 -3.49563275 4.01716239
1.38738868 3.97255156 -1.42648116 4.44306895
-0.639975684 0.286095403 -4.15706804 4.21576021
-2.96293917 -2.88676772 -1.55013323 4.41761807
-0.674462152 -3.78035192 1.517613454E-02 3.84007684
0.456902132 -3.62465628 -2.08644695 4.20715504
1.18523309 -3.88572808 2.46314897E-03 4.06247046
2.15747334 -2.42361692 2.87522227 4.33537925
3.845557661E-02 3.85423576 -0.189009992 3.85905907
0.333633097 3.77036904 -2.00453163 4.28312279
0.591857887 2.18966981 -3.59089338 4.24728912
2.19790064 -2.76318884 -2.40625303 4.27270798
-0.686931443 4.31306564 -0.270129918 4.37577196
-2.03440897 -2.95063332 -2.29962065 4.25832267
4.01847592 0.691521698 1.22097431 4.25642212
0.585373408 1.18976307 3.932044 4.14959856
2.3101719 -3.22444322 1.69275777 4.3126972
-3.84012968 0.265199955 -1.25358397 4.04825885
-2.38325082 3.08331722 -1.52343538 4.1842066
-2.69633807 -1.7418738 -2.15470731 3.86615143
-1.08299986 3.15713253 -2.65872223 4.26722139
3.99978399 0.38579073 -2.69967943 4.84100976
-3.20623464 1.66900541 2.34243067 4.30726143
-2.07020021 3.48575413 0.827598265 4.13776868
0.411662589 4.02592547 -1.18484813 4.21680057
3.56557331 -1.4280397 1.09951961 3.99519134
-1.52786036 -1.98132181 -3.19802524 4.06046289
3.76585355 -0.715781416 1.60816895 4.15694639
-1.45192252 -1.15674408 3.85189885 4.27589297
1.7813113 1.5233291 -3.46788728 4.18567123
0.304351986 1.34411637 3.80943734 4.05106058
1.07851643 -1.53183093 3.62600264 4.08137218
3.59896975 -1.17040858 2.06190616 4.30974437
-3.2289763 -1.90251241 -1.21564271 3.94000363
-0.707857673 0.27695053 4.20485401 4.27300378
2.65251662 -0.642347768 2.88707481 3.97286497
-3.40864711 -1.794875748E-02 -2.02761044 3.966157
-0.450428831 3.21016417 -2.06528307 3.84362255
-2.60668223 -2.79646178 1.13888144 3.98899006
-2.25770003 -3.35475063 0.870744324 4.13639419
-3.44388793 2.05942231 -2.06225356 4.5115933
-3.11289809 -0.214110182 3.66437119 4.81285715
-2.45366027 3.17714702 -0.286871195 4.02455053
-1.31265483 -0.416289216 -3.66555924 3.91569713
2.47951829 2.01639938 -3.0022475 4.38490222
3.81897112 1.06046964 -0.849294058 4.0534475
3.24593159 1.52789755 1.38381259 3.84518922
-3.62778546 0.341424732 1.02374027 3.78489661
-2.40932908 1.66413115 2.66594952 3.9599856
0.395933928 4.86906449 -1.239105201E-02 4.88515161
-2.22314045 1.60352445 3.39248667 4.36149171
-3.85798792 -1.41469623 0.48856449 4.1381314
2.40209593 2.09115832 -2.75844706 4.21331676
3.22530256 -1.74924364 -2.22062655 4.28877747
-1.1512593 -0.132158029 -3.94589172 4.1125327
2.82987123 0.528075466 -2.77323062 3.99722941
-2.40354179 -2.93924893 -2.17461918 4.37551894
1.034071824E-02 -3.52064407 -2.26370939 4.18562084
0.31327506 -4.40733482 0.210124948 4.4234482
0.748373111 -2.25234424 3.26302907 4.03490714
2.20578719 3.67936226 0.192202209 4.29419905
0.990957464 3.60056916 -1.81111461 4.15044951
1.2524408 3.22473895 -2.37837069 4.19811819
0.568694612 -3.00683299 -2.87983763 4.20213314
-3.03936697 -0.674238795 -2.7413516 4.14817527
-1.28395694 -3.48199207 -1.6579534 4.06468002
4.06562224 0.902868968 0.866069783 4.25376697
1.19721426 -0.300414026 3.97706083 4.16420261
2.35321572 -2.16209987 2.96079045 4.35644122
-1.73358909 -0.806589581 3.5996411 4.07594578
-2.95568623 2.8979293 -1.27863578 4.33231864
-2.65936811 -1.78255579 -2.33150472 3.96051236
-0.210593465 3.50167619 -2.38954107 4.24452498
2.81266986 -0.758033866 -3.471959 4.53213265
3.73913801 -2.15644762 0.234333179 4.32276895
-0.909354179 3.85156739 1.25181324 4.15072678
1.41761763 2.91721893 -2.24653881 3.94547116
3.51798835 -2.0880427 0.42779289 4.113292
-0.953528703 -1.13148467 -3.4829062 3.78419214
3.61703724 -0.279878989 2.14928263 4.2167175
-2.05586217 -2.32344465 2.64083723 4.07418527
1.48350022 3.00170386 -2.56309569 4.21668809
2.86090997 1.72573662 -2.55760394 4.20764907
0.254603449 -1.57816481 3.67709242 4.00954308
3.23517696 -1.08073698 2.49291234 4.22480465
-2.37466067 -3.15812179 -0.937137393 4.06090791
0.171124632 1.64209766 3.55654507 3.92106888
-0.32801456 0.76559903 3.9766689 4.0629584
-3.30822289 1.40497006 -2.42163805 4.33389091
1.50815297 1.51313423 -4.00830213 4.54209054
-3.47137156 -2.14154157 -0.253413559 4.08666603
0.123915651 -3.69479345 1.70923043 4.07287643
-1.59932155 2.70822744 -3.70755829 4.8619249
-0.526531577 1.12478233 3.77886116 3.9777082
-3.1755859 -2.66066079 0.788569365 4.21726254
4.269384923E-02 0.332028377 -4.10555977 4.11918519
-2.13174211 3.30381807 2.47317893 4.6450137
3.59187732 1.05442125 -1.10922654 3.90432713
2.60531681 2.30549406 1.65942766 3.85443623
-2.48354567 0.614913789 3.38450264 4.24275573
-3.31277541 -0.988649693 1.73364094 3.86748239
0.372300304 4.29090115 -1.36008625 4.51666634
-1.17385548 2.40271598 3.03247884 4.04313105
-3.90829641 -0.974753963 0.91645046 4.13095722
0.462697852 2.49068904 -3.27456646 4.14009742
-0.828393296 3.7473212 1.51417754 4.12569816
-1.73932288 0.258889178 -3.43064358 3.85507238
3.30594133 -0.447390526 -2.50220774 4.17018583
-2.65565552 -2.95622328 0.627609551 4.02314008
-4.02247545 -5.393495533E-02 0.817236659 4.10500834
-0.775998015 -3.9138171 0.60006197 4.03487442
2.52862058 -2.53532512 3.04187336 4.69838153
2.86370613 2.97810725 1.12838113 4.28289383
-0.596487537 3.59479927 -2.0463053 4.17920382
0.387585276 3.1340365 1.83935571 3.65453644
1.90339942 -2.8256172 -3.11915537 4.61910945
-1.61458728 3.15726409 -1.69108818 3.92873871
-2.54757032 -2.95261696 -1.7042968 4.2559005
3.94140408 1.49240406 1.20382224 4.38304962
0.784139251 0.576715466 3.99955074 4.11629459
-0.891053622 4.04541005 0.203818202 4.14739206
-0.413508714 -0.423736014 3.95485236 3.99892471
-0.911982967 2.81580235 -2.35378538 3.78163475
1.36449786 -3.77169801 -1.16599825 4.17697405
-0.463698467 3.58158497 -2.12681654 4.19119503
4.35704686 -0.478992051 -2.14255391 4.87891668
0.631510866 -1.01582917 -3.84111289 4.02304152
2.44903208 -0.383580804 3.34251312 4.16140437
-1.49578523 3.67993064 -0.792262897 4.05054854
3.59807431 -1.39878223 1.14134459 4.02559287
-0.839895137 -2.92952661 -3.16686621 4.39506446
4.01262285 -0.463033345 6.409684195E-02 4.03975871
3.34708881 1.33867685 -2.07568169 4.15974924
2.09232073 2.8053396 -1.99096132 4.02637098
2.64414195 1.70654924 -2.69675766 4.14442986
-2.18944792 -1.01614011 3.56241994 4.30314521
3.65977433 -1.50165237 1.24623648 4.147531
-1.44614091 -3.60848264 -1.72370168 4.25248374
-1.44185463 -0.732353665 3.65360043 3.99550782
2.68124475 -0.868454326 2.96962172 4.09413477
-4.902111697E-03 3.97479758 0.130020845 3.97692661
-0.286665979 -0.770825091 3.91999412 4.00533427
-3.082013 -2.31041944 -0.651649211 3.90659555
-2.23139236 -3.27865155 1.05179484 4.10304036
-2.08233914 3.42952277 -2.38370889 4.66688662
-2.39317194 1.71762269 3.48568909 4.56371866
-2.89502549 -2.01071964 2.18674895 4.14801604
-3.19519362 -1.04200821 -1.80929771 3.81688375
1.93688564 3.94732732 -1.08201006 4.52809726
3.31896818 0.810626668 -2.32070006 4.1301712
3.48606507 -0.579951292 1.91874522 4.02126553
-3.33952722 0.710201723 2.90242281 4.48117024
9.186081657E-02 3.46587249 2.52881792 4.29134368
0.257499202 4.58497801 -1.3544461 4.78778168
-1.32424774 3.01359671 2.4994386 4.13310906
-4.19863137 -1.22014905 0.290789183 4.38198898
0.308766525 2.21771027 -3.69409388 4.31971124
-0.145305634 3.66625075 2.36978238 4.36788013
0.270697195 0.979091363 -4.03187015 4.1578689
3.33106387 2.65650369 -0.276247755 4.26957974
-2.53874454 -2.99824468 -1.15928565 4.0961736
-4.03983769 0.146154168 0.454634122 4.06796531
-1.68111924 -2.83649881 2.56803921 4.17931965
1.78153722 -3.7453405 1.78925061 4.5169534
1.45678066 3.51369089 1.1318284 3.96853488
-0.244884977 2.24701063 -4.07714497 4.66177396
0.529213319 3.40662188 1.90865846 3.94057311
1.62927291 -2.71560094 -3.4009174 4.64706982
-3.29448896 -1.896421322E-02 -2.53705223 4.15820288
0.420977133 -1.94469468 -3.38195466 3.92385989
3.2295762 -0.572004279 2.44152061 4.08881085
0.30029456 1.48327632 4.03287462 4.30747758
2.55044243 -2.34617294 2.59017548 4.32646427
-3.3499416 -4.471596572E-02 -2.0518784 3.92865285
-3.37435724 1.95900726 -1.26598931 4.10203915
2.3443619 0.950339784 3.31562645 4.17043849
-0.330190222 3.85249911 -1.09291769 4.01811449
3.3308931 0.28395602 -3.40811244 4.7739617
0.569583823 -0.917469946 -3.70654155 3.86065112
-1.60265522 3.59958247 0.327250861 3.95380713
3.12947066 2.39766765 -0.605489033 3.98861051
3.49275623 -2.0833163 0.123808278 4.06876903
-1.74323922 -0.90015278 -3.53095675 4.03940758
3.74886289 -0.509787551 1.71658305 4.15457744
2.29357006 3.50193821 -0.254832852 4.19392115
2.71040035 1.23247799 -2.59406727 3.94898177
3.6037742 1.02132714 -1.43857464 4.01245494
0.720551053 -2.27347367 3.10821622 3.91776524
3.51992783 -0.782386665 1.59547703 3.94304042
-2.97749893 -2.2425653 -1.55133347 4.03747874
-2.31150214 1.52032396 3.22034878 4.24559458
0.993302613 0.303107494 3.82338492 3.96191829
-3.3279017 -2.63842521 -0.588216391 4.28744864
-2.72353403 -2.81181272 -0.603141136 3.96077109
-1.33309917 2.66113792 -3.25040568 4.40726055
-1.83577798 -3.63391228 1.15550802 4.23209145
-1.51091716 1.46366934 -4.256291 4.7477586
-3.73129965 -1.47073465 2.1982081 4.57359556
-2.71532463 -2.98929723 1.04245456 4.17080296
-1.38953924 -0.154368696 -3.8739153 4.11847893
2.09944871 2.33080185 -3.13420141 4.4343591
2.53262542 0.584708287 -2.9516759 3.93299706
3.60529885 -0.209212467 1.8094344 4.03930718
-3.16088946 0.987118447 2.69626441 4.27030055
-3.32454751 -0.98337416 1.5811159 3.81045514
3.091588182E-02 3.95558601 -2.40776944 4.63087142
-2.08083739 0.75476286 3.54168793 4.1764943
-3.94264564 -1.27683354 0.943728144 4.25033897
0.139443585 2.97133968 -2.84863041 4.11861618
-2.34982415 -2.03458743 2.58599859 4.04334123
-1.26529964 -1.480051485E-02 -3.91466783 4.11410093
2.08925201 1.82300142 -2.96612296 4.06031939
-3.63289994 -2.1234257 -0.861144401 4.29516802
-2.58107688 -2.69571216 0.600587838 3.78014915
2.67832939 3.22783552 -0.431776657 4.21649162
2.07152331 -3.27774493 -2.55661671 4.64447087
0.96667356 3.77694074 -9.157058165E-02 3.89975952
-1.09209077 3.21277262 -2.66954667 4.31752818
0.941536541 3.73842067 0.33810572 3.86996067
0.834447736 -3.25579335 -2.94452007 4.46841043
1.75120309 3.71234753 0.390556153 4.12319907
2.13484601 -1.82442327 -2.76983126 3.94436978
3.8670257 1.16366446 1.44874642 4.29032271
0.36407863 0.884782606 4.1165865 4.22630784
2.36877736 -3.0907347 1.18622528 4.07073428
3.76552025 2.07366287 -0.228336823 4.30480641
-1.81606913 2.92994602 -2.19582905 4.08709628
-3.61002983 1.90433975 -0.558118444 4.119505
-2.064937138E-02 3.32984136 -2.29299289 4.04302935
3.28405864 -0.178561168 -3.19233964 4.58344386
-3.27364774 2.6299952 -1.26856221 4.38667236
-2.52552364 2.08424326 -2.86275371 4.34944806
0.291780316 3.50579665 -2.06270651 4.0780515
3.5551593 -2.13585267 -1.969822905E-02 4.14745854
-1.65186762 -1.69740702 -3.10468723 3.90498912
3.8307839 -0.885317818 1.8382076 4.34024194
-2.28598996 -2.54046598 2.54102684 4.25870108
3.17843493 -2.52686781 -0.368317269 4.07715185
3.44323838 -0.197038908 -2.09181465 4.03365881
-3.03634149 0.656561034 3.36050915 4.57640293
3.48223613 -1.8765133 0.562422496 3.99544612
-3.44895403 -2.14863913 -0.56545109 4.1026417
-0.673712378 0.141481093 4.13210839 4.18906016
3.77607828 -0.530249663 0.128204311 3.81528088
-1.84809501 2.96053173 -2.04932712 4.04721446
-2.09610368 -1.30025792 -3.15584553 4.00545657
-2.75170514 -2.56327122 0.604081467 3.80882593
-2.52456004 -3.11906156 0.924632739 4.11787495
-0.933481606 3.83293391 -2.59023448 4.71933098
-3.26397563 0.488061892 3.35582215 4.70672749
-2.4433987 -2.93350727 1.27331151 4.02454771
3.67956784 -2.23325983 -0.534618211 4.33733623
2.04260151 3.77536882 -2.37285733 4.90470004
3.61704677 1.67235337 -1.18582144 4.15763943
3.48286589 -0.110518854 2.08572118 4.0611331
-2.60554108 1.00625874 3.3764882 4.38201706
1.74816991 3.36045748 1.71306248 4.15732554
0.139213449 4.7339059 -1.61673491 5.00430587
-0.811198893 3.61414955 0.755611028 3.78035298
-4.08042037 -0.668191502 0.954335827 4.24347348
-1.481689 -3.983553 0.334570131 4.26333602
1.00544173 3.85221071 -1.23918582 4.16965489
2.31175811 0.470483257 -3.3144558 4.06831628
-0.831383962 2.62693234 2.9999783 4.07330856
-2.88810584 -2.89974987 -0.752781054 4.16129594
-3.62667766 -1.724479123E-02 1.39192378 3.88465443
0.21087747 -4.19075691 0.396590987 4.21475945
2.85466249 -3.10364612 1.46383681 4.46369079
0.990677673 3.89910417 6.32840376E-02 4.02348859
0.269038788 3.47333211 -2.65673859 4.38117311
-0.247100583 3.00797726 2.76038141 4.09007229
1.03987322 -3.4852508 -2.53171734 4.43146727
-2.88150922 1.68118575 -2.48351415 4.15900511
-3.34843967 2.44720364 8.920729255E-02 4.14835049
4.04435062 0.104809801 1.82277128 4.43736996
8.843003465E-02 1.94639596 3.73816085 4.21546245
-1.0455493 2.29125881 -3.31979271 4.16702099
4.40943958 1.10140889 0.557976625 4.57903886
1.45586359 -1.38676002 4.28084517 4.72951134
-0.159822144 -3.35675919 -2.47388363 4.17294567
0.903473441 4.03191413 -1.12490179 4.28228909
3.78467374 1.13043861 -3.20121086 5.0842303
-2.56545348 2.45348547 -2.65035269 4.43006906
-0.210288938 3.61966365 2.0645399 4.17235082
3.02771415 2.99082463 -0.566312084 4.29334302
3.73449993 -1.29844945 0.959369864 4.06851954
-1.85141366 -1.03207554 -3.13819434 3.78697454
4.54213722 -0.569175039 -0.375703235 4.59305167
-0.776587646 -2.43840223 2.76675301 3.76879504
2.96223576 0.799685875 -2.76090104 4.12757953
3.22270016 -0.421045661 -2.66227504 4.20128363
-0.332738023 -2.64388397 3.30085012 4.24222212
3.42054601 -2.36145535 0.188841787 4.16080131
-3.65522164 0.403806366 -1.01560654 3.81512273
2.15407187 -0.34783711 3.19303793 3.86736441
2.56280472 -1.37080259 2.79495619 4.03222617
1.0014116 -1.97358533 3.32712334 3.9959497
-0.80296531 1.21516962 -3.91841872 4.18035833
1.38671861 2.34728917 3.27917448 4.2644742
2.25668164 0.860978579 2.93916062 3.80428196
-1.26602486 3.47598051 -3.09706893 4.82463422
-1.80137159 1.15071951 3.78002284 4.34254161
-2.03806512 -3.49795334 1.0738483 4.18838122
-1.16493259 -0.299709326 -3.68732759 3.87856654
4.15333933 -0.464014354 -8.580326208E-02 4.1800597
3.09394707 0.245906296 -2.75307972 4.14878613
-4.01724847 0.812160663 -0.103465449 4.09982869
-3.61917956 -0.126768528 2.68452858 4.5079069
1.38416659 2.86224873 2.79896909 4.23587215
0.654314828 4.54183599 -0.69001189 4.64031448
-1.72221331 2.68798135 2.59924642 4.11671525
-3.9703781 -0.475825852 1.48368144 4.2651639
1.17516942 -3.14328408 2.39695031 4.1239094
1.29403106 -3.81055394 -1.80156801 4.40913653
1.44687712 -0.18635207 -3.77803755 4.04990719
-2.0882611 3.02312572 2.60930744 4.5065074
-2.98976062 -2.56766029 -0.531757455 3.9767215
-2.45577583 3.95474792 -0.897245667 4.74087712
3.49283007 1.8859681 1.685396353E-02 3.96951151
2.69520168 -1.72674237 3.27617832 4.58029428
2.75080109 3.25315577 0.248359001 4.26750645
-9.752552783E-03 3.6095254 -2.13731007 4.19486151
0.987423341 3.08863764 2.28172869 3.96496825
1.26997143 -3.17280192 -2.64070384 4.31889063
-2.98604601 -2.03286252 -1.99822818 4.12818564
0.423258702 3.85383375 0.606468576 3.92415426
3.0217068 -0.243083468 3.04761503 4.29857638
1.35049806 0.100877155 4.02464653 4.2463868
2.14431107 -0.989167865 3.42746034 4.16221184
1.60807642 1.04460347 3.6826908 4.15202573
-1.33024739 3.26761822 -2.31142427 4.21776827
-3.3263842 2.11021525 0.312775761 3.9516666
-0.770589641 3.39765629 -1.80269377 3.92270079
2.62699739 0.122448718 -3.83110601 4.64687877
1.42597086 -0.797406138 -3.80875334 4.14437589
-0.762538737 3.91763596 0.609973016 4.03749971
-2.98503106 2.34329881 -1.18277288 3.97497313
3.99809755 -0.609692676 0.24901038 4.05197672
-1.42840213 -1.65601227 -2.91388947 3.64327615
3.90850437 -9.428970169E-02 1.4540707 4.171285
1.28279618 -2.42272881 -2.94244665 4.02158839
-2.73506409 -1.75039871 2.40862805 4.04301376
0.870852612 1.04005352 3.57136226 3.82030417
-2.2595457 -0.30311409 3.56874721 4.23478235
3.38543491 -1.29798716 1.99030389 4.13609112
-0.623768336 -3.27383299 -2.46313175 4.14416305
-1.49088179 2.47281 3.289843 4.37728052
0.196798695 0.806869189 3.98642329 4.07201894
-3.32015697 0.774675101 -2.72112347 4.36211838
-2.01139539 -3.19930711 1.3069773 3.99868317
-2.0466604 -2.63788431 2.2327904 4.01654147
-3.49130176 2.37088248 -6.282339961E-02 4.22068934
-2.13136392 0.369350315 -4.36908025 4.87524297
-1.02912354 0.638636646 4.10433067 4.27930862
-3.02302935 -1.943922 2.09330687 4.1592635
0.180963669 8.754943553E-02 -4.07205926 4.07701844
2.33716796 3.20316262 -2.44962153 4.6608208
3.12375552 1.15622793 -2.64459893 4.25307125
-2.57177818 3.0850273 -0.671683482 4.07217327
-3.61645201 0.578556186 2.14367838 4.24367876
0.638788359 3.63484198 1.78274561 4.09857399
-6.099257431E-02 4.56252145 -0.714867653 4.6185883
-2.31619592 1.16101185 3.06329321 4.01204155
-3.82640142 -1.42070944 1.25723151 4.27087745
2.23147243 -0.873890001 3.56562645 4.29614303
-2.39005283 2.01864723 2.48164045 3.99322282
3.3733777 0.134869087 -1.81402979 3.83256714
-1.51299645 -2.72874397 -3.05930111 4.36972827
-2.46794609 -2.16044531 -2.45443551 4.09664931
-0.654328204 4.14490383 1.20435049 4.36564236
-0.128988532 3.25181801 2.28516516 3.97654853
2.50091102 -3.76196781 1.14810923 4.66102055
1.9363955 3.92211683 0.938718843 4.47368093
1.34234436 3.24340102 -2.14365017 4.11300068
-0.822657859 3.93069067 1.31674084 4.22621598
1.56027121 -4.06175427 -0.178731571 4.35479494
-2.08591449 1.54287085 -3.03941736 3.99619164
-1.25148343 4.05832147 1.08496151 4.38330075
3.70219755 1.38855456 1.18921301 4.12899238
0.26072037 1.23160087 4.03582314 4.22760975
3.06600408 -0.226772413 3.15257526 4.40346881
-1.3338462 3.07328433 1.61384868 3.71870001
-0.422620332 3.7631456 -1.95452731 4.26146099
-3.68280074 1.52535195 -0.81085882 4.06782643
-1.25103195 3.39961391 -2.15174156 4.21336534
2.74407768 0.281400707 -3.86671183 4.74980095
2.60993015 -3.19806445 1.00302163 4.24798823
0.165178114 2.91493791 2.80704766 4.05014363
3.47932206 1.96681758 0.443718248 4.02131064
3.56266712 -1.11211643 1.23932251 3.93259714
-2.22914634 -1.95964215 -2.81717254 4.09215736
3.45910566 -0.775641268 2.47574634 4.32392776
3.138284122E-02 -2.26559079 3.26820456 3.97681374
1.86884699 2.43368023 -2.45325057 3.92859095
2.54784617 3.0736867 -1.6841962 4.33308053
-3.0554052 0.339792527 3.21839592 4.45073389
3.52708769 -2.08142922 0.842798586 4.1812683
3.3118228 -2.60849528 -0.47409397 4.24230868
-3.056253 -0.565263005 3.41242914 4.61572067
1.47174571 -3.002758708E-03 3.97873279 4.24221158
-2.02564585 2.92552654 -2.33145121 4.25412875
-3.03808418 -2.84766882 -0.734969352 4.22839842
-2.22384772 -3.56557845 0.527364903 4.23520508
-3.87543134 1.28590155 -1.27368786 4.27724112
-1.05325445 2.99241946 -3.5122771 4.73286483
-2.44057441 0.594765 3.71780263 4.4868926
-1.70675867 -3.675019 0.516428691 4.08478743
-2.12202034 -0.896258611 -3.08185872 3.84761003
-5.018572121E-02 3.68298103 3.34403686 4.97488195
3.06036851 1.3363372 -2.63246183 4.25223562
3.36319823 8.676961243E-02 2.18644992 4.01238016
-2.35072069 0.589896602 3.54015651 4.29028831
-0.688749075 2.85296048 2.64140195 3.94851403
0.146917134 4.3022969 -0.61842281 4.34899874
-1.4339023 2.82014268 2.55511936 4.0666836
-4.00921424 -0.360021021 1.23836899 4.21152843
1.24536064 -3.24951226 2.49812008 4.28379002
-2.90996745 0.604010741 2.54095355 3.91013868
-1.5251515 -0.612075021 -3.87287346 4.20712155
-1.60798847 3.17092053 2.63195053 4.42351981
-3.18772227 -1.13917131 -2.60358309 4.27058889
-2.17764888 4.24070334 -0.674385195 4.81461471
2.02519035 -3.51783444 -0.800609716 4.1373338
2.28439046 -2.57331841 2.64974877 4.34299159
1.65748323 3.97457844 -0.119159206 4.30798368
-0.713695353 3.66975812 -1.5996891 4.06638549
4.840033673E-02 3.90220001 1.0231019 4.03438285
-7.991775973E-02 -0.51498228 -4.6437788 4.67293004
-1.40354179 3.68725907 -0.555634224 3.98428643
-2.29908067 -1.86149199 -2.72233864 4.02020548
0.818025094 2.8149518 -2.82059745 4.06803253
0.420911171 1.50702648 3.74800575 4.06150737
1.34308699 -0.659746838 3.94318323 4.21756358
3.64243097 0.933347482 2.08171286 4.2979029
2.4015642 1.59769704 -2.79126467 4.013889
1.24956648 -3.52806925 -2.17942418 4.3311175
-8.869150259E-02 3.87912304 -1.36424922 4.11298403
3.70043764 0.329329412 -2.85366371 4.68455901
0.535379345 -0.405157681 -3.98429123 4.04046537
-1.76503744 2.96788783 -1.8750033 3.92929417
2.09557236 3.6508137 -7.535846971E-03 4.20950365
3.74298784 -1.68876191 0.470062197 4.13313842
-1.674536 -2.04298226 -3.1721368 4.12798973
4.01516772 -0.230552429 0.951012601 4.13269297
3.87406216 0.242299431 -0.721832924 3.94817798
2.69090514 1.37105875 -2.62983762 4.00459967
2.05260215 3.21684709 1.28915533 4.02780365
-1.40055442 -2.27042419 3.02404663 4.03252238
3.51297593 -0.306427422 1.52085111 3.84029761
3.91550886 -1.43437155 1.22007118 4.34479056
-0.706361974 1.53095079 3.81296395 4.16910682
2.0206349 0.466670626 3.24152108 3.84814317
-3.45922604 -0.834079079 -1.71479803 3.94999557
1.17678935 4.04585457 -1.3359121 4.42023003
-1.91188842 2.53446137 -2.45748243 4.01472685
-3.80006774 1.36516646 -0.811949033 4.11867157
-1.25919041 2.62199872 -3.90609766 4.8701167
-9.304301081E-02 0.637437228 4.36147001 4.40878712
-2.61245761 -3.09814962 1.21182312 4.22989138
-1.98377397 -0.438531765 -3.57926493 4.11567816
1.40307913 4.2516401 -1.47459236 4.71375617
3.76581635 0.60589287 -1.06144552 3.95918496
3.52199887 1.88756531 1.28887976 4.19864143
-2.60815136 -4.901800207E-02 2.97779631 3.95880375
-2.53831395 0.110580969 2.60217333 3.63683542
0.646316877 4.52557257 -0.229364738 4.57724161
-1.73047621 2.66078466 2.22330426 3.87522964
-3.6806958 -2.41447782 7.770929923E-02 4.40264278
1.81590605 -2.91195842 2.5603685 4.28164729
-3.73933077 9.136902963E-02 1.16818857 3.91862315
2.31268892 1.38229729 -3.2973957 4.25817969
0.219768297 2.64205717 3.31454412 4.24440419
-2.88712813 -2.81112304 -0.689645615 4.08821877
-3.50285655 -1.75877595 0.711143154 3.98359404
0.87191699 3.84446635 0.314175631 3.95460075
2.46717763 -1.57695953 3.05514648 4.23174749
2.19638644 2.25764414 3.11154092 4.42750012
1.29980278 2.88019126 -2.73975933 4.18225659
-0.208049329 3.79745012 1.54186383 4.10380994
1.67893533 -0.986924408 -4.42259048 4.83240625
-3.76798175 1.31403931 -1.75945609 4.3612007
-3.4071034 1.63377283 2.44974136 4.50319886
3.36122595 1.87121779 0.110114834 3.84856092
-0.115612074 0.543997343 4.21094473 4.2475116
-0.642295914 3.34130418 -2.41317763 4.17136475
2.34271357 1.3754152 2.95893837 4.01688811
-3.43111833 -2.43913386 -0.123876073 4.21156648
0.922167208 0.255547446 -4.60464033 4.70302131
5.581946676E-02 3.07156234 -2.1658524 3.75879338
3.52820978 -0.255674607 -3.22233901 4.78509169
-2.48287597 1.55346663 -2.74023262 4.01083612
-0.375129544 3.96462727 1.18217628 4.15409825
-0.274641156 4.03589533 -0.807937048 4.12512317
3.91640851 -1.12399499 0.716292259 4.13699105
-2.16884014 -2.01009593 -2.93878023 4.16902656
3.01696281 4.417159202E-02 2.5675335 3.96184856
-0.675711408 1.3733383 3.65898828 3.9662122
1.07138057 2.45968227 -3.14758227 4.13583938
3.25726285 0.395663481 -2.53766972 4.14802103
-0.822309723 -1.32361212 3.60167678 3.92431114
3.60940831 -1.70009866 -1.5305945 4.27327548
3.94292451 1.64236445 0.350369794 4.2856474
8.864038167E-02 1.30780329 3.82178442 4.04032705
2.97510394 -0.596196019 2.53068502 3.95108337
0.845242496 3.6344572 1.09601169 3.88908159
-2.58296395 -2.13268757 -2.26809462 4.04528271
-2.6987325 -2.70896805 7.049630196E-02 3.82447836
-3.56896085 2.48259434 -0.935637479 4.44704101
-2.83377016 2.38286933 -3.19589539 4.891019
-1.05144488 3.23644216 2.89853579 4.47007873
-0.687054939 -3.8665799 -0.489503905 3.95753695
1.80623742 -1.38815659 -3.39278386 4.08661898
1.43878756 2.9668469 -3.12737869 4.54453382
2.82899851 0.717920799 -3.11563077 4.2691683
3.97282274 -0.320202403 1.8141749 4.37916438
-3.50344985 0.982082945 2.32105846 4.31578036
-2.37197233 1.67604177 2.91395525 4.11418327
0.582076384 4.4681416 -1.32129922 4.69562924
-1.36117354 2.80918888 2.49197091 3.99427773
-3.85225468 -0.90750045 1.07760303 4.10178638
1.89168925 -2.24518511 2.96273652 4.17098934
-0.336484875 3.46018653 2.14055469 4.08265689
-3.12220064 -1.71518318 -1.7124767 3.95253926
1.58464013 2.13752298 3.22904107 4.18411223
-3.00943081 -1.48897877 -2.39644349 4.12512703
3.16593211 -2.53737105 -0.865363251 4.14852161
3.95408555 0.809537371 -0.579801045 4.07753756
1.7807519 -3.05388439 2.9992233 4.6360142
2.23333679 3.56864149 -0.979272943 4.32226454
-0.513308482 4.01898457 -1.14159616 4.20939002
-1.56537707 3.7464527 1.2363608 4.24439645
1.51073961 -0.590419538 -3.95821278 4.27766032
-2.53732433 -0.861970581 -3.22878098 4.19595456
1.03597832 -3.00944895 -2.2695894 3.90910094
4.26299206 1.12887017 0.206926867 4.41477835
-5.458285347E-02 1.04906986 3.95444779 4.09159922
-1.92678257 3.63318596 -1.77221141 4.47808715
-2.62277378 0.159238559 3.17408636 4.12057319
-3.77795015 1.19867387 -0.964669766 4.07925411
0.767863009 2.09678382 -4.14692778 4.7098966
-0.800547785 3.3878638 -2.04705874 4.03843377
2.23073585 1.58565998 -3.7826694 4.66894932
-2.55136298 0.293373997 -3.15806535 4.07049114
3.43977682 0.626606922 1.23148873 3.70692127
-3.41901082 1.27941231 -1.62371704 3.9953708
4.32111838 -0.635518636 0.619564327 4.41132723
-1.01076728 -1.00255587 -3.60199505 3.87313014
3.98137734 1.522927098E-02 1.65273503 4.31081553
-2.94234349 -1.14987885 2.36366399 3.94544219
-3.34010861 -1.67711733 1.94785264 4.21463853
1.56524423 0.97977096 -3.85588592 4.27525401
-1.72356114 -3.01568259 2.41635299 4.23128423
-1.12860962 2.09155282 3.30451324 4.07040054
4.16509568 0.348382125 -0.112696715 4.18115925
-1.36127926 2.96830128 -3.48360485 4.77487136
2.76010986 0.442195248 3.16018806 4.21906763
-0.583424217 -2.96107958 2.77621387 4.10069988
-1.33628589 -0.191190052 -4.0760258 4.29373963
-2.83008506 8.630164527E-02 -2.73566197 3.93708976
-1.83551816 3.57247079 1.02788454 4.14586796
-1.21042875 1.05271905 -4.57299153 4.84619507
-2.41331468 -1.484829 3.52119229 4.51969026
-1.63660757 -3.26025095 2.4751142 4.40839096
-2.68083835 -0.902577817 -2.61794239 3.85423966
2.25841279 1.64000867 -3.6952244 4.63084659
3.71599965 0.679922013 -1.53762244 4.07863091
2.64227595 1.85116025 2.0555166 3.82538429
-2.03977135 0.163470419 3.86123584 4.36995789
-1.65251039 -2.44859105 2.81342074 4.07942704
0.551648258 4.59334609 -0.67420215 4.67522113
-2.15371164 2.23627908 2.60863032 4.05516586
-3.74312599 -0.212167953 1.76344902 4.1431582
2.2695643 -2.52218502 2.15253659 4.01817784
-3.05589387 1.48737918 2.06079433 3.9746267
1.46975621 0.109058335 -3.93442946 4.20140598
-3.20675831 -2.74606901 -2.46143074 4.88700677
-3.00935807 -1.65269985 -2.10088303 4.02509159
1.83517626 2.31459816 2.92971919 4.16034747
-1.97359944 -3.47279672 1.02854582 4.12472039
-0.505171827 2.62099352 -2.95285882 3.98047495
1.83532028 3.69047565 0.143574119 4.12415138
3.585463934E-02 3.75660909 -2.53552154 4.53235776
-0.689359778 3.75675127 2.08387936 4.35097118
0.934032759 -1.93490786 -3.88880193 4.44286688
-3.36492608 0.301890852 -2.07802263 3.96636403
-1.58395522 3.16845811 2.08715916 4.11148079
3.63207559 1.32408338 0.990251115 3.99071011
0.640828982 0.446982291 4.15190978 4.22478517
-1.03487822 3.49153483 -2.07693755 4.19230938
0.731629269 0.308113313 4.18969382 4.26424079
-2.24606132 -3.1256142 0.925513704 3.95864006
1.31767678 0.62096603 -4.55988515 4.78690124
-0.145490146 3.46350444 -1.85675442 3.93250141
3.26350033 0.823474144 -2.8611838 4.41756911
-2.90363652 0.68435744 -2.57720726 3.94226425
3.34695203 -0.743717809 2.12461266 4.03350754
-2.57188125 2.87258139 -1.18433985 4.03347962
3.98158347 -1.03353954 0.389456229 4.13193503
-1.57836417 -0.987915311 -3.43285167 3.90534002
3.94226928 -0.128777818 1.20621631 4.12468528
-1.71788581 -1.25015062 3.67309106 4.24330133
1.04809325 -3.812581 1.14858196 4.11746449
3.33137847 -0.496636099 -2.29127127 4.07365364
-3.30624036 -1.41135303 2.757873 4.53089463
3.48340184 -2.03386551 1.20162789 4.2088724
3.77539117 4.29076776E-02 -0.222485584 3.78218447
-3.89035535 2.92604984 -0.208856087 4.87239707
1.1549477 1.02158183 3.76429848 4.06785898
1.49691406 -2.65038604 2.77108272 4.11633299
-1.36787642 3.65958597 -0.563258754 3.94726688
0.209663944 2.59896792 -3.25223504 4.16840808
-3.97866115 1.59303166 -1.08643797 4.42129414
-2.24940195 1.12292988 -4.2245385 4.91604579
-2.85508081 -0.408995598 3.48780831 4.52587789
-2.7072871 -2.18350616 2.63746582 4.36501186
-2.15985092 -0.787931727 -2.98403672 3.76699715
1.28544494 4.45670792 0.535123557 4.66915104
2.79740688 0.758245679 -2.68018202 3.94763188
3.43709123 0.576701174 1.91091035 3.97463944
-2.72422444 0.402980736 2.92712136 4.01893415
-2.7089424 -1.09470014 2.32511039 3.73401602
2.5313102E-02 4.30086368 -1.33600482 4.50366274
-2.52724398 1.25367155 2.88105885 4.0322642
-3.2601564 -0.525303209 2.1852287 3.95977117
0.156566712 -3.5340755 1.84235609 3.98854343
0.781244231 4.08419306 0.731262261 4.22205163
2.6798031 -1.04707816 -2.97533499 4.13888097
-3.83489208 -2.08721523 -1.71972442 4.69258103
-2.53619509 -2.42390606 -2.15580394 4.1176567
-3.26019085 -2.35697833 0.370811384 4.04001142
-3.03118322 -0.185478067 2.8631493 4.17373906
0.388292724 3.19544941 -2.35567282 3.98884226
1.41444667 3.70189559 -0.171507031 3.96662388
0.646691398 3.65583308 -1.77437974 4.11482062
0.104591026 3.79287947 1.54294158 4.09603988
0.750188912 -2.48357865 -3.32230918 4.21529176
-3.35108605 -0.909817566 -2.4851918 4.27009648
2.43047592 3.21510733 0.726971768 4.09543847
3.69849211 1.20937811 0.736486856 3.96028436
0.978456108 0.218996536 3.96117413 4.08610283
2.35264734 -2.78268955 2.06844158 4.1900789
0.918044003 1.675080554E-03 4.19794023 4.29715135
3.88994968 -0.903606832 -1.39334344 4.22961224
0.510026849 0.741157366 -4.99196396 5.07239054
-1.12189317 3.47998553 -1.87299182 4.10816771
3.86260603 -0.627710327 -2.97988585 4.91868532
-2.70134755 0.385733929 -3.10342552 4.13247132
2.82598805 1.62814202 2.63396724 4.19223548
-3.5508045 -0.148400923 -1.61168804 3.90227802
3.74320166 -1.84598861 6.470076511E-02 4.1741369
-1.72073319 -2.07200868 -2.94095425 3.98790102
4.22870733 -5.523148453E-02 8.341725257E-02 4.22989061
3.57619685 1.89305119 -0.560822906 4.08501518
1.98219417 -3.67619276 -0.622456049 4.22266959
2.70702948 0.404178688 -3.11129631 4.14385494
-2.62710421 -1.91023387 2.91259899 4.36278613
3.1318231 -2.34388551 -1.05565292 4.05173028
3.55969716 2.04703089 0.583140029 4.14750908
-2.73511338 3.75534856 -1.06224788 4.76569602
2.03573591 0.775821382 3.26882351 3.92827273
-1.01767612 3.21378441 -2.24850449 4.05214108
-1.04406587 -1.09895289 3.57343311 3.88164851
-0.789593982 2.65151839 -3.17968877 4.21478696
-4.09873705 1.27740668 -1.13078894 4.43960549
-1.44149678 1.36538891 -4.34552358 4.77763279
-2.85873073 0.540601741 3.80431352 4.78929984
-1.62896508 -3.49439833 1.09183297 4.00704956
2.42642326 -1.27594305 -2.97876705 4.04828527
2.58773524 1.61303313 -3.4238903 4.58489633
3.66627677 1.19986064 -1.21952717 4.04579997
3.45191483 -0.985738549 1.91435835 4.06843513
-2.86061689 -0.119583198 2.89060234 4.06853917
0.32786761 3.84784399 2.08823765 4.390232
0.720682978 4.76150937 -0.804594583 4.88249197
-2.03824652 0.35221656 3.64432281 4.19041694
-3.91666522 -1.58002276 0.22716892 4.22946144
0.702084307 -3.34151672 2.19551097 4.0594242
-2.1421563 1.62530087 3.20762022 4.18560199
3.37876574 0.163968069 -1.45216805 3.68126819
-2.22626194 -3.44516907 -2.06065068 4.59039359
-0.845350418 -3.88953448 1.18089881 4.15182102
1.72755719 1.7744512 2.93402049 3.83948006
1.10257111 -3.66575163 0.9314692 3.93967422
0.420510998 2.97025899 -2.48261175 3.89392207
2.46416827 3.02234938 7.493502723E-02 3.90029952
2.85182208 2.79565026 -1.93547807 4.43786265
-0.221298993 3.75321312 1.30105313 3.97848228
-0.742939269 1.93059685 -3.90473334 4.4188353
-3.39882548 0.853245577 -2.01299462 4.04131043
-1.07718307 3.95407089 0.502411663 4.12885183
3.00264987 -0.248527205 2.88545616 4.17175374
0.239365566 0.881918368 3.95458741 4.05879754
2.79671317 -2.05665042 2.47590795 4.2639812
-0.35318511 -0.160950652 4.12576005 4.14397645
-2.57289203 2.34400021 -1.91394719 3.97206548
-1.58080972 0.15918469 -4.31124032 4.59468086
-0.311659163 3.53167923 -2.21172198 4.17870838
4.7849354 0.791143001 -0.642844319 4.89231671
-2.95709911 0.747585776 -2.42138739 3.89441094
3.36287134 -0.713230134 2.40235428 4.19391309
2.09461737 3.69304324 -1.376417099E-02 4.24572488
3.99742345 -0.790134324 0.900956239 4.17317968
-1.7404512 -2.23810954 -2.9613951 4.09977629
4.14143878 -0.786909492 1.09311777 4.35495674
0.444100922 -3.98615815 -0.906559019 4.11199851
1.30469866 3.60825745 -2.00701328 4.33011117
-0.640775846 -1.7143722 3.5740407 4.01539944
-3.088418319E-02 -2.31874904 3.3634104 4.08534949
2.97435948 -1.32307782 -2.15146196 3.9020684
3.89771071 0.386789329 -0.287493808 3.92739194
-0.643893672 4.49274442 -0.657865992 4.58608102
