6.02382289 6.83614493 2.25063268 9.38534321
-5.35821082 6.76005098 -3.2271726 9.20995957
5.65118419 -0.230464439 -7.87673598 9.69700811
-5.77842826 0.881315951 9.10438851 10.819281
-8.64450477 -1.66739336 6.46978902 10.9254672
3.74805746 -6.4873542 4.79089741 8.89305331
-4.01591139 4.52666148 6.69342643 9.02331235
-5.81333198 5.4827943 -4.54021887 9.19072627
4.68601067 6.49397814 -3.76141071 8.84752274
-1.87577759 9.39280321 -3.26021045 10.1179181
-2.44719094 -1.03157628 9.93323098 10.282119
-9.0828086 2.81821039 -2.39307283 9.80645295
7.56938568 -2.20634307 4.61882544 9.13767463
1.81490823 -8.81465446 -0.813619105 9.03626035
6.45171284 4.29815083 3.32449763 8.43510425
-0.445532013 8.18719935 -3.77192289 9.02530522
1.77330797 -8.9375448 -1.94112243 9.31623768
2.41879942 -2.32175245 8.78731053 9.40520874
0.203126696 -2.57532041 -8.93386198 9.29986158
5.92219418 -6.49353794 -3.00438049 9.28788033
-3.51130211 -6.38102285 -7.43390982 10.4071951
7.12153695 1.94973432 -5.77247218 9.37225627
-3.35560582 -7.9990306 -6.63299679 10.9197632
3.35761108 2.62723966 8.3053728 9.33569268
8.81050758 0.54382867 0.690018039 8.85420343
-3.75049115 -3.50994447 -7.94030948 9.45697672
-3.05077838 1.82246769 -9.12030587 9.78818759
8.29989462 -1.98560866 3.68164973 9.29437665
0.50585975 6.69064295 -6.25393639 9.17236707
2.25851031 -9.10924555 -0.398605021 9.39351421
-1.33588572 -7.72421819 5.01838364 9.30764802
-5.97243915 -7.06328162 -3.12158486 9.76239052
1.91396551 5.05464615 7.43495157 9.19191039
-4.75307794 -7.8326026 0.64375057 9.1845429
-3.96121587 -3.47468056 -7.73330857 9.35781478
2.09091671 -6.21353739 8.49613031 10.7314589
0.174597923 -6.90087324 5.95453587 9.1164156
-8.59401686 -2.23063257 6.10923041 10.7775481
-2.44898231 -1.5130708 -9.66511443 10.0847079
6.89014855 2.32551646 -7.35068166 10.3399562
-10.7650506 -2.92163377 0.23430655 11.1569332
-7.40833474 -0.777447927 7.34240108 10.4593835
-1.70434878 -6.60073902 -7.10399916 9.84588058
6.42330408 1.32209728 6.09649599 8.95399575
4.5475158 -0.618791508 8.05955682 9.27465682
-1.13199414 -8.43698058 -3.83250067 9.33552963
1.83858094 -3.00450509 8.72488649 9.40909533
-5.91377195 -2.27094139 6.62553458 9.16665599
7.99748906 -2.49964894 -3.4625296 9.06626645
7.53571615 3.78500915 3.26038727 9.04120773
4.97448011 -7.82326394 -4.48931597 10.3006247
-5.62594679 5.85019153 3.62782767 8.89028412
-7.42438838 -2.02137466 -4.15626159 8.74539929
7.46469719 4.14706719 5.13571461 9.96470948
-4.43154004 1.58876409 9.53486359 10.633736
-3.51463051 -5.34844923 7.15586336 9.6002561
-1.26792708 5.24376775 8.51969549 10.0841435
1.92186535 -2.50245206 10.2652595 10.7392451
1.45148275 -7.12480193 -6.65427425 9.85641774
-8.14503735 -2.19945011 -4.34763634 9.49110931
-2.36122055 8.6347275 -6.78019822 11.2296469
-8.3545855 0.801208142 3.7235344 9.18181582
1.72566918 -0.822592405 9.34209327 9.53568555
-6.08219062 -8.5121436 4.47982503 11.3806179
6.11918802 -3.11889111 -5.84742278 9.02021601
-6.08596733 5.32212421 -4.14601945 9.08589466
6.08002619 -1.35941861 7.17642837 9.50346576
-3.28154417 1.45360981 -8.26439435 9.01009032
6.31753816 -6.55455197 0.762559015 9.13536733
4.39191039 6.11167084 -5.5329427 9.34103058
-4.93813307 -4.81407626 -5.93570879 9.09907288
6.60820937 -6.34167899 1.47443193 9.27681373
-7.98116974 3.22034283 -5.37355056 10.1461679
7.38280652 -3.06525234 4.79972443 9.32410632
-3.31153714 2.16310812 8.66144827 9.52186963
3.25016555 -9.68046031 -1.20463353 10.2823164
3.02467578 -1.14902696 8.24370416 8.855935
-3.7613333 -9.84619332 -0.515941179 10.5527886
-5.14794162 5.59062416 5.30259667 9.26681784
-4.28333234 -7.90751912 -0.696932658 9.02006152
3.55629333 4.61853288 -7.11955116 9.20141712
6.88940781 -6.21887758 -1.38970935 9.38454423
2.18329094 -6.41946757 -8.00059992 10.4874173
-6.60428559 -5.75861928 3.33219445 9.37452954
-6.80334326 2.61647216 5.7138932 9.2617483
2.24605991 -8.27066785 -4.0285104 9.46982723
4.43093775 -7.83859992 0.272474599 9.00839055
-0.106346462 -8.84147138 5.1318636 10.223451
1.37683038 -0.607925248 -10.4966675 10.6040212
-0.433656119 6.17841271 -6.5047231 8.98177398
3.7907213 -8.0824037 -2.05329582 9.16028609
-1.23747841 -0.421369773 9.2070644 9.29940537
2.07977988 8.65227646 2.50386109 9.24427892
8.60452479 -2.34902148 2.95617319 9.39652642
-6.28163923 7.15338473 -2.24022706 9.78000623
-5.86090816 1.95952197 -7.59946253 9.79498859
-4.76351386 -2.86175896 -9.16284645 10.7162719
-4.898644 0.322597554 -8.15187249 9.51597643
7.94678376 -2.83778925 2.41909503 8.77817981
2.68837037 -1.23481174 -8.62697394 9.12013018
-9.01820081 2.72316212 -4.34177109 10.3727785
8.30760008 -2.9724203 -1.75315802 8.99583596
6.38503467 6.72404294 -1.36431274 9.37244741
8.85856253 2.26881857 1.58968671 9.28163626
-4.72508733 -0.894670056 -7.89094727 9.24088381
-4.20491427 -6.24807685 -5.18567072 9.1439023
3.11653228 -1.80193414 -8.21476707 8.96895412
2.52212419 3.62663464 -8.52596417 9.60237753
4.89478287 6.58364953 1.97691127 8.43869176
-5.32533133 7.01127098 -0.561454843 8.82226196
4.14184842 -0.693330088 -8.05256264 9.0818159
-1.82203572 -1.46055823 9.73737987 10.0134715
-9.48249677 -1.8461698 3.27574305 10.2008127
3.17321936 -4.28099004 7.41286155 9.12944211
-3.2736189 5.16117745 7.15566464 9.4105191
-7.43875468 3.41235963 -3.39893851 8.86183121
3.11362763 7.77490744 -2.63183686 8.77897648
-2.29002348 9.5886521 -2.33671054 10.1314694
-2.64051426 -1.26141322 9.64630742 10.080413
-7.66889411 4.25135212 -2.69449714 9.17312633
6.7745625 -1.68615802 6.41820105 9.48320255
-0.838721942 -9.3761828 -1.10273738 9.47798967
7.62847043 3.46204032 3.58570348 9.1124395
1.63652373 7.44044776 -5.61468007 9.46377858
-0.8903726 -8.69959541 -0.364693893 8.75264105
1.29611144 1.02443739 8.29848779 8.46134011
-0.741358958 1.07419615 -8.42382236 8.52433538
3.40456089 -6.02220755 -5.545264 8.86611367
-3.33800137 -5.66692282 -7.76173964 10.1735377
5.72215697 1.18668406 -6.98799563 9.10952152
-0.355124244 -7.0836956 -7.29616542 10.175406
3.56042694 2.5642735 8.10753088 9.21868731
8.56124281 -0.973652594 -2.80134692 9.06037651
-1.55680742 -1.85174302 -8.86485232 9.18902651
-8.40073265 1.4999509 -2.96117677 9.03275869
8.58635343 7.378514239E-02 3.51207721 9.27715451
1.59681253 5.19346744 -7.55515354 9.30603349
4.72169535 -7.95546558 0.880970931 9.2930054
-1.42006692 -5.59380221 7.56906252 9.518294
-4.45791905 -7.50211877 -1.95549659 8.94308644
6.55252053 6.06145686 3.4630674 9.57442533
-2.59660402 -8.55443097 1.678598 9.09606139
-5.22791969 -4.15764928 -6.74345683 9.49164906
0.142175205 -9.46585684 3.97536962 10.2677273
-0.786974742 -6.35388779 6.73851439 9.29509524
-9.6889903 -0.681032605 3.3120014 10.262051
0.309451496 0.43005921 -10.0245006 10.0384921
6.32819191 4.23933799 -7.54405028 10.7205734
-8.21719658 -4.78603267 4.17725008 10.3864261
-6.22018032 0.581795351 8.62208245 10.6475084
-4.26957505 -7.19479949 -5.55588071 10.0430185
5.79744089 2.88585463 6.7649514 9.3649904
9.94632687 -2.30063395 4.00064669 10.9648305
-1.60097042 -7.66765442 -4.58170224 9.07458132
3.80929633 -3.3049913 7.11934895 8.72461091
-7.1114791 -2.05800489 5.6293136 9.30041347
9.38873872 -1.17800542 0.157301135 9.46365971
6.73645801 2.28589948 5.876682 9.2271661
6.65899196 -6.39642476 -5.18514858 10.5897209
-4.07950235 8.01740268 -0.712864897 9.02381635
-9.24738491 -0.38321571 -1.61002347 9.39431517
4.43917854 1.39484054 8.63886168 9.81232986
-2.66552223 1.91802428 10.1748497 10.6916505
-5.23290723 -3.62840478 6.53953606 9.12765968
-3.14115624 4.23580984 8.90947872 10.3531521
2.65135146 -2.93958713 9.72895464 10.5034944
2.53403117 -6.78798269 -7.38138931 10.3432553
-7.51513677 -4.00397751 -4.87760468 9.81326368
-1.51196255 8.01392719 -6.96792133 10.7266485
-8.90722667 1.59606064 2.1876925 9.30978491
-2.9043307 -6.43418767 6.633837 9.68719263
-6.57985732 -8.07239662 1.62483587 10.5403131
5.75384836 -3.11368219 -6.97439644 9.56263528
-6.88764758 5.67523192 -2.60719344 9.29760206
6.93588409 -0.320515847 5.5662075 8.89898221
-1.86672153 1.52365488 -8.811487 9.13501377
7.10319092 -5.44307297 1.67145868 9.10363327
4.56956402 5.08871332 -5.86171685 9.00753257
-5.59611831 -3.72739923 -5.264457 8.53958738
6.53852168 -4.5531832 3.99840963 8.91465213
-9.10055232 2.14577701 -4.25888158 10.2743605
6.39455881 -1.48037845 6.27673842 9.08181414
-2.65024467 3.47308647 8.14320313 9.24109753
4.08771301 -8.37001636 -4.5086363 10.3486411
3.5616823 -4.728524506E-02 8.34102636 9.0697595
-3.52415346 -9.28221823 -3.0134018 10.3759252
-4.98002808 4.14689907 6.36148777 9.08107803
-5.13346424 -7.55095641 0.569356782 9.14841871
3.7456196 6.02401519 -5.9394985 9.25181429
8.59817099 -3.81784617 -2.32269021 9.69016943
1.60821326 -5.07748195 -9.33438706 10.7469975
-3.94404317 -7.47052693 3.70567864 9.22476576
-5.56160473 0.41041086 7.27354841 9.16539092
2.51588233 -6.31090031 -6.01170922 9.07181208
5.11883432 -7.98268714 1.16471308 9.5541779
1.52674828 -8.50719678 6.15588496 10.6112335
-0.402955471 1.68541777 -9.9299488 10.0800243
0.288703242 7.58382507 -4.4588989 8.80224583
5.02075637 -6.19779009 -3.57361797 8.74021407
-1.90921584 3.73220584 8.08864658 9.1104703
4.11124297 8.03823957 1.30137421 9.12190709
8.35460936 -2.49373988 2.44112206 9.05413237
-6.80997997 6.4017133 -0.301868682 9.35141086
-3.30162815 1.66246156 -9.06503684 9.78976097
-3.728522 -4.55009917 -8.84145257 10.619631
-7.59236035 -3.26604121 -4.28662283 9.31053683
7.94726274 -3.44568022 2.90881502 9.13744505
4.95609722 -2.67352987 -7.07364893 9.0414142
-7.28422757 6.10157243 -4.80580077 10.6482336
8.35788572 -2.5038658 -2.1080867 8.97594714
6.78575307 5.37459305 -3.69286669 9.41116144
8.69983219 1.50273434 -0.573693937 8.84728293
-5.928135 -1.4882027 -7.21976323 9.4595197
-3.18307167 -6.49273538 -5.80411312 9.27228596
3.76189665 -1.46099006 -8.55995437 9.46357106
1.6702342 1.90863407 -8.58403521 8.95087855
4.98026748 6.80352687 3.25261646 9.03717632
-6.28373885 4.94051921 -4.22939175 9.04333227
4.22752664 0.721500384 -8.17162508 9.22865108
6.72340969 -2.78061438 5.24333001 8.96819736
-10.4240156 0.517473015 2.54172252 10.7418915
4.26817528 -2.21421807 7.61918519 9.00955409
4.1120107 3.0996038 8.98558399 10.3564905
-4.27487406 3.25814703 -7.86351769 9.52496618
2.77318493 8.50883929 -1.97187297 9.1640157
-3.080227 9.28204562 -2.15649241 10.0147206
7.39938725 2.379315543E-02 6.08332334 9.57905636
-7.56622277 3.43749702 -3.48242712 9.0106277
7.69801658 -2.09137286 4.2174672 9.02332142
-0.717676677 -9.05164418 -0.537109679 9.09592265
8.01311321 3.78289998 1.89555371 9.06164662
0.927590668 5.79003387 -6.95051123 9.0936529
-0.636690427 -8.73208841 1.62168661 8.90419059
0.60794524 -2.20366377 9.12765584 9.4095607
-1.95248304 -0.742217448 -8.73996632 8.98610528
4.54893591 -6.59523303 -5.01736464 9.45324625
-2.95415434 -5.5926654 -7.57263799 9.86659922
6.20821051 -1.302331461E-02 -6.82140673 9.22353713
-1.83530985 -6.96109653 -7.73371397 10.565773
3.34097335 3.12596129 8.32771385 9.5018185
8.38485234 -3.24484482 -2.00721439 9.2121483
-1.16036029 -3.96545033 -8.15536789 9.14227859
-9.00503574 -0.439225307 -1.25285936 9.10237574
9.01462823 -1.08389117 3.04365182 9.5761244
1.83247306 6.21514467 -6.74329767 9.35190057
4.55151142 -7.82481166 0.238753276 9.05543687
-1.45547354 -6.56684807 5.85074036 8.91476638
-5.51798644 -7.16217188 -4.06290153 9.91221717
5.1017596 7.19551257 3.70112348 9.56565039
-5.02105325 -7.11847239 1.32680633 8.81158555
-5.10878127 -3.31636775 -6.34843139 8.79775666
-7.56067329 0.566817878 5.37264412 9.29248987
1.17149264 -7.39033109 5.65730816 9.38053966
-9.23434915 -2.43864566 4.85004678 10.7118229
-1.68838185 0.636694906 -9.31505048 9.48821264
6.80531803 -0.206568064 -7.72431548 10.296605
-7.39353021 -5.80028395 3.39749289 9.99252425
-5.71458727 2.60250615 8.1551245 10.2925022
-4.36609826 -8.5154855 -3.51243158 10.1937963
5.97051512 0.425696199 6.90399001 9.13746935
9.96474132 -1.12021198 4.01915112 10.8029866
0.446467275 -9.00789741 -2.16561628 9.27531362
2.48186542 -6.36457864 5.71360762 8.90577506
-7.90431941 -1.53215281 4.60071609 9.27320582
8.3328529 -2.10278775 1.43908612 8.71373184
7.51248225 4.0456408 3.34379583 9.16436411
5.38685673 -4.99346827 -7.72575373 10.6602168
-5.67684034 6.81877809 -1.39543516 8.98161957
-7.41262038 -3.13241692 -4.14299745 9.05115488
1.0440107 7.81731185 4.51212113 9.08622914
-1.57614345 1.9097762 9.67873843 9.990468
-5.15979492 -2.54579084 6.84663508 8.94320673
-3.2451617 3.5009841 9.05601676 10.237158
5.83994307 -3.52462277 7.53216586 10.1617628
1.41848504 -7.14246718 -7.93262778 10.7681717
-7.21128532 -2.10448364 -4.67111365 8.84594767
-4.73823284 8.47459641 -3.20187094 10.2235812
-8.87759305 0.286038562 2.85494681 9.329748
-0.705773075 -5.47003766 7.12658817 9.01153076
-6.04013328 -8.23475512 2.20200758 10.4471642
5.02156906 -2.78729463 -6.70578741 8.82908556
-7.29698188 4.86146277 -2.88843376 9.23162036
3.60541091 -3.81063566 7.87460841 9.46199712
-0.6794889 0.495736342 -9.339461 9.37725927
5.39863609 -7.81677649 0.608435846 9.51932038
4.94898543 5.03519092 -5.73417094 9.09540108
-6.30560212 -5.39333775 -3.68485009 9.07892231
4.37153252 -3.96895184 -8.49116607 10.342281
-8.61032509 3.7486418 -4.9155465 10.5996515
7.29751524 -1.45984885 4.94998466 8.93796596
-2.19867134 3.33600918 7.82278437 8.78402347
4.54267636 -8.67576474 -1.97021286 9.98932135
5.99597525 -0.440351963 6.902892 9.15399077
-5.72870957 -8.38629822 -2.86964109 10.5538122
-4.80572242 6.32469822 4.77182892 9.26645168
-6.43183356 -6.44368639 0.413547701 9.11375877
4.86533266 5.84888849 -4.89850766 9.04855434
1.3447839 -8.65923472 -0.414498416 8.77283299
3.52917912 -4.52025775 -8.87745758 10.5686843
-7.07697712 -5.47164381 0.212199937 8.94804559
-6.83354944 0.977372308 5.85575423 9.05221034
0.568958889 -8.04222467 -4.20343456 9.0923019
3.89416782 -8.10655761 0.920027906 9.04031364
-1.52086467 -9.8636741 2.6338651 10.321935
3.21783182 -0.522751652 -10.5260317 11.0193038
0.31149332 7.869111 -4.15970475 8.90635053
5.75272716 -6.30692943 -3.39972393 9.18854458
-0.728598435 3.63485267 7.99598057 8.81355291
2.25144829 7.72111018 5.03144612 9.48683361
8.02563399 -4.36276571 2.55092634 9.48428968
-5.23811525 7.99708301 -0.621481596 9.58005362
-4.14264465 2.49780411 -8.69598991 9.95091808
-5.59346326 -4.72581151 -7.60178502 10.5549638
-7.30613744 -4.82846988E-02 -5.93372296 9.41228154
8.57897936 -2.62031122 1.75754481 9.14078123
2.39296397 -1.83136477 -9.28639206 9.76305542
-8.29225631 2.62230925 -5.52477944 10.3034561
8.81940413 -1.94537456 -1.26348221 9.11936174
5.24583416 7.5955973 -1.90298365 9.42513773
8.49795933 4.27154701 -3.642293462E-02 9.51119094
-5.0102368 -0.415523644 -7.58663287 9.10121591
-3.69106954 -7.38937333 -4.9511489 9.63019771
3.29596896 -1.84947198 -8.14526796 8.97938462
3.08718258 3.41158044 -8.04529418 9.26802762
6.79147936 5.72512718 2.1188387 9.13185362
-7.40760504 4.59458594 -2.44391034 9.05292936
0.47803474 -0.303322238 -9.56424497 9.58098655
5.83964051 -3.93381403 5.60876215 9.00191685
-9.56950503 -0.392092183 3.71329983 10.2721837
3.83585853 -2.48870196 7.94645865 9.16807794
-2.50564664 4.22115073 7.6269471 9.07009927
-6.37919454 2.72783434 -5.00013017 8.55198836
0.589618583 8.43354876 -3.53982266 9.16530082
-2.71145361 9.39202383 -3.15829846 10.2731174
5.56766136 1.78961434 7.04248919 9.15413712
-8.07418591 3.19411218 -2.32367611 8.98856504
6.69794313 -1.38695945 6.48353872 9.42456222
-5.43539576 -7.15646857 -1.60370821 9.12855133
7.88417146 3.48627668 3.09306599 9.15867577
-2.87086722 7.6085564 -4.72160048 9.40348447
-0.105641682 -8.1592381 3.28541612 8.7964928
7.08208044 0.493214824 7.34209607 10.2130064
-1.4176634 -1.80612606 -8.75088287 9.04708858
4.10200334 -7.06980938 -4.23688114 9.20650845
5.73810422 0.682221945 -7.47822545 9.45066784
6.84889256 1.02424071 -5.77586029 9.01759172
0.201423886 -6.70833277 -7.73690521 10.2421679
2.06408691 4.39925071 7.48303981 8.9224294
8.62473529 -1.2334617 -0.43944844 8.72356587
-1.18963306 -6.75704013 -6.6644723 9.56493645
-8.67047697 2.20175004 -2.97808418 9.42835402
7.96706451 -1.44636974 3.86053082 8.97049612
-0.376918614 6.04091981 -7.43591467 9.58788854
3.02615169 -8.5215187 1.14054068 9.1145328
-2.65414227 -6.5005559 5.95226092 9.2049502
-4.98627827 -7.29749489 -2.94114912 9.31486773
5.20205108 5.52820879 4.7991438 8.98076885
-3.57962968 -8.39804402 -1.0655321 9.19109627
-5.07501438 -2.91681884 -7.23774572 9.30852117
-7.702348 0.199811511 5.24232304 9.3192296
-0.471479128 -6.97412274 6.21089211 9.35071448
-9.51367119 -2.62491593 4.22734418 10.7364129
0.218706138 -0.508587543 -10.044486 10.0597313
7.65662934 1.52625873 -6.96110083 10.4599409
-9.26951153 -4.18471165 3.53700091 10.7678239
-4.86415998 3.10220505 8.41088089 10.1993454
-4.87091323 -8.33541823 -3.93259536 10.4245047
6.41027348 -0.271933259 7.12649359 9.58918477
9.42508948 -2.08893681 3.58217135 10.296986
0.760916081 -8.06482836 -3.94872563 9.01181912
4.13138535 -1.00678392 8.31779301 9.34171501
-5.94198276 -1.58050925 6.72313546 9.11074745
8.98087922 -1.24719428 -0.45320518 9.07838532
4.79994041 2.4392504 6.57677646 8.49960935
5.40070373 -7.15456001 -5.50952812 10.5218929
-6.3507159 6.68623128 0.177782078 9.22327966
-8.9057903 9.085264927E-02 -1.99829317 9.12767937
-4.21104249 7.03596379 4.96284897 9.58475535
-3.24696773 1.56223524 9.91265832 10.5472353
-4.82947744 -3.71304022 6.69413017 9.05107169
-5.61332456 2.27848992 8.48385075 10.4248095
1.23950839 -2.48804814 10.1248996 10.4995408
1.15814572 -6.96466669 -7.88120974 10.5811791
-8.3228176 -1.58696437 -3.40776199 9.13239237
-4.25438595 7.97679528 -4.65361617 10.1678516
-8.72794301 4.851784767E-03 2.74283844 9.14878
-0.68590143 -4.84671351 7.71059176 9.13314393
-4.86397565 -9.03485656 2.78443735 10.6320263
5.32813608 -2.82046712 -6.87485063 9.14372135
-1.64672493 8.7333713 -2.06789348 9.12467318
3.61216805 -2.01438537 8.16579469 9.15345341
-2.88202064 1.44822239 -8.08738558 8.70684768
7.56602905 -5.08212909 -1.00280968 9.16943068
4.44625853 4.50778636 -6.41306457 9.01203362
-4.9309836 -5.58119613 -5.9395461 9.52588879
7.81326442 -4.20912111 2.38348221 9.18938458
-8.31076691 4.74678813 -4.71255715 10.6681319
7.9311656 -2.65805479 2.04663803 8.61146737
-2.45863966 3.20196768 8.39629642 9.3163995
5.15208818 -7.67184432 -4.00024192 10.0699128
4.21882134 0.493949858 8.02874359 9.08312521
-5.47182327 -9.39321859 -1.51485704 10.9758005
-5.30793088 4.31828364 5.93034299 9.05487006
-6.88161069 -5.47399965 1.51713083 8.92316781
1.30491749 6.73179202 -6.55904736 9.48899023
2.49410929 -8.48701939 8.404165667E-02 8.8463067
2.93199508 -4.66033925 -9.06258609 10.6040475
-4.08378776 -7.08343813 3.0180561 8.71556543
-5.36651226 0.49358739 7.18982779 8.98536065
2.66791583 -6.41503727 -5.89195672 9.109645
2.60537678 -8.27846771 2.79924475 9.11903432
0.478685081 -9.20876641 3.71612802 9.94183713
-1.2000579 2.74517087 -9.93724962 10.379067
-3.648315592E-02 7.78543833 -4.51547746 9.00021765
6.79426187 -6.06150112 -1.16196941 9.17899575
0.472298814 3.9023403 8.31471578 9.19705521
2.43735931 8.67849565 3.55747668 9.69085381
8.25827435 -3.21229313 2.2493799 9.14208031
-5.66494712 6.57364953 -3.01752109 9.18748755
-3.86023948 -1.56079885 -8.21068712 9.20613518
-5.24577193 -4.37219468 -7.92714655 10.4629758
-8.63012352 -1.85845026 -3.24385117 9.40507522
8.4084679 -3.30148847 2.71971664 9.43392904
5.0097643 -3.93466776 -6.69291874 9.23983279
-5.98729648 6.21991612 -5.74332865 10.3692285
8.91874611 -1.30482122 -0.906510525 9.05915845
5.94405457 6.71610211 -3.92504037 9.78998234
8.51831453 0.820098117 4.00614625 9.44899207
-5.14240827 -0.22361393 -7.7644189 9.31560877
-2.41394819 -7.48434017 -4.68393766 9.15323798
3.21361376 -2.64470124 -8.17885377 9.17689529
2.83184021 4.28128942 -7.60444549 9.17476699
6.39393941 5.40807807 3.74309075 9.17281298
-3.7719272 3.28582741 -8.48086816 9.84627957
-0.130948839 0.910766611 -9.53460208 9.57889765
6.04982686 -2.5804334 6.57314769 9.2986726
-9.97784027 -3.16670939 3.04078276 10.9009956
4.30471382 -4.45241474 6.77486945 9.17896585
-3.70193173 3.75233806 7.26618655 8.97673696
-7.28067095 1.58522441 -5.12787818 9.04523303
3.88036052 6.95992788 -4.06642822 8.94615182
-1.64434033 9.61987251 -4.21984205 10.6326323
6.243351 1.72738259 6.32592719 9.05431595
-8.46415358 3.65825693 -3.20683046 9.76260729
5.83092817 -2.60633556 6.54303989 9.14352664
-2.37877066 -8.69820071 -2.06199684 9.25035548
7.88777012 5.19794805 -0.314490745 9.45169222
-1.1484756 8.49813745 -3.13386293 9.13008396
-3.08419615 -8.96030536 -0.11475733 9.47694609
0.87331116 -1.13094408 9.18992462 9.30034523
-1.456006 -1.83775788 -9.03644626 9.33566647
3.55878097 -6.59930324 -5.29919337 9.18134934
5.13680409 0.49309713 -8.12168941 9.62246017
6.39017811 1.05446926 -5.75860544 8.66647669
1.0863376 -6.29225076 -8.26192853 10.4418395
1.7251881 3.60957114 8.46603733 9.36371005
7.92446338 -4.15319494 -1.53789704 9.07806562
-0.916208923 -4.24281267 -7.92980728 9.04006314
-8.47979161 2.48781474 -2.81571452 9.27493052
8.67136213 -1.38107906 2.41442281 9.10655467
4.53211914 4.95600817 -6.55216474 9.38258939
5.45008768 -6.23540619 2.30210477 8.59554724
-2.78901853 -5.22115121 7.17316801 9.30018191
-6.21206447 -6.10087811 -3.18794096 9.27218563
5.9821307 6.77502713 3.02699778 9.53150544
-5.3782047 -7.23933764 0.895249182 9.06281227
-4.05796141 -4.63439527 -6.54099031 8.98494433
-7.31390037 3.27936048 5.13840968 9.52106075
0.930060148 -6.06128821 7.14449548 9.41530893
-7.37547341 -2.43074743 7.09185632 10.5166804
-0.91752919 0.611162132 -10.4833781 10.5411856
2.75401881 3.24644496 -9.16060874 10.1015235
-8.97306493 -5.06755069 3.51884843 10.8893645
-4.71957566 1.11145697 8.69938458 9.9593686
-5.27734552 -8.24529031 -3.47384544 10.3876268
4.42686137 4.73685585 6.28965076 9.03297358
10.3731767 2.116581281E-03 3.83257999 11.0585473
-1.10283537 -8.78471067 -1.97787741 9.07190093
3.44060638 -1.92834765 7.74609666 8.69242833
-4.59109323 -6.19129097 4.77938644 9.0693305
8.68575376 -2.16284891 -1.13696973 9.02291161
5.92415233 2.27544145 6.32552655 8.96021768
3.90818932 -6.38106279 -6.99977638 10.2464031
-5.91784905 6.66861763 -0.375733915 8.92370856
-7.87628328 -1.63981783 -3.4746656 8.7634549
0.488083106 7.58872042 4.86723281 9.02866867
-3.15116057 2.05622064 10.1582996 10.8327701
-3.62186488 -4.93564942 6.83900772 9.17881076
-4.51900743 5.07142421 7.74872722 10.30454
4.84916773 -4.70361988 8.46636645 10.8313355
-0.698590983 -2.43302513 -9.55563397 9.88523046
-7.21276461 -3.25507424 -4.07550621 8.90108041
-5.65924801 7.7876657 -3.03768344 10.0946692
-8.27688485 0.59301565 3.43924482 8.98258845
7.518666188E-02 -5.04022606 8.3940324 9.79128754
-4.21445811 -9.62111712 2.608862 10.8228329
6.55833038 -4.55683801 -4.77416093 9.30425079
-4.61233131 7.76383558 -2.58765279 9.39397094
4.05952258 -2.85921348 7.94002759 9.36476713
-0.282752979 5.995863278E-02 -9.02984321 9.03446804
7.74861757 -3.9114567 -2.28482588 8.97557782
4.39692845 4.08415173 -6.71006866 9.00212734
-4.44135503 -4.50103579 -6.62368419 9.15740957
6.8452525 -6.3190537 0.772718865 9.34799529
-7.91410493 4.85895342 -3.97836664 10.1029642
6.39404677 -1.68868861 6.73420254 9.43848437
-3.08114101 2.6821589 8.14475091 9.11177116
1.47755943 -10.5991004 0.152578547 10.7026815
-3.48291846 -3.65851852 8.35086043 9.75973097
-2.01714504 -9.70330475 -2.30950765 10.1762873
-5.02228111 4.89086827 6.35886137 9.46461926
-5.30809377 -7.20230781 -1.7623479 9.11893455
0.576588855 7.48196387 -5.47260552 9.28771496
4.1669347 -7.53534032 -1.16128088 8.68868642
2.72902556 -4.95471291 -9.19919349 10.799163
-4.52946742 -7.32726872 3.67090821 9.36378711
-7.38840149 1.52519409 5.51368626 9.34427256
2.75817527 -6.45151982 -6.27065872 9.41014344
6.34637324 -6.47410409 -9.148535975E-02 9.06635796
1.84598674 -8.43643503 5.3130507 10.1395074
1.71885244 1.94413936 -10.1513408 10.4777789
-1.11068301 8.04847816 -4.28893512 9.18730547
4.43237691 -7.47567435 -1.55841729 8.82951508
0.226481933 2.53576554 8.8605029 9.21899738
1.81621681 8.13542297 4.45033224 9.44929666
8.36841357 -2.19767242 3.71288036 9.41517872
-2.05653922 7.89717807 -3.09937929 8.72931423
-4.83970492 -0.393918631 -8.56683953 9.84726638
-5.04687862 -4.02346877 -7.83245504 10.1492185
-7.2698802 1.05537019 -4.97795935 8.87384041
8.43934185 -2.85998561 1.91286365 9.11378384
4.43905415 -1.75653119 -7.43502238 8.83573208
-7.28755544 6.28464612 -4.11707169 10.4668773
8.826869 -1.95984577 -1.4085574 9.15088224
6.96500557 3.41695158 -4.63085451 9.03502486
8.26392715 -0.395139782 -0.472600735 8.28685579
-8.77920738 -2.89040565 -2.98481651 9.71277801
-1.47224507 -8.21109558 -3.77446147 9.15620858
3.17317115 -3.14899899 -8.01369455 9.17630155
2.78161395 3.26399346 -8.28624894 9.33021709
6.19083292 5.91700326 3.34962317 9.19550516
-1.61592165 0.971089178 -10.0696178 10.24458
0.476242515 -2.07340802 -9.16545287 9.40911016
6.38807423 -4.89369684 4.70693859 9.32260865
-9.26113145 -0.997303685 4.00140738 10.1377725
3.27488106 -3.21990551 8.1491676 9.35422739
-2.84887695 5.61219595 7.32877861 9.66042645
-6.37036803 4.19490573 -5.22281955 9.24427753
2.8434835 7.92909496 -3.75156159 9.22117996
-2.86266181 9.27547332 -2.82201394 10.1090554
6.77057564 1.39306434 5.66064773 8.93444209
-7.43922892 4.50864424 -3.23293694 9.28018755
8.05487397 -0.377318827 4.56591123 9.26665579
-1.8838698 -8.67423373 -2.17436083 9.13888075
6.24441292 4.4980062 4.5655359 8.94812106
-0.604704487 7.55947628 -4.48876408 8.81251111
1.32474291 -7.31039303 5.62259573 9.31720842
-1.98519115 -4.70204505 7.56287799 9.12399775
-0.871119414 -0.546935524 -9.0034471 9.06201121
4.10160406 -5.82949027 -5.24603828 8.85025594
5.33875641 1.44308271 -6.84677374 8.80131344
6.97457316 2.72129383 -5.90177012 9.53315275
0.242378362 -8.05132375 -6.25700316 10.1996397
2.26600788 3.35221228 7.96641633 8.93509418
7.88123169 -4.87578224 -1.2194119 9.34740771
0.336813466 -3.99593766 -8.70442953 9.58373907
-8.73197627 1.84370101 -2.42765399 9.24879165
8.49666025 1.8112605 2.90855948 9.16152926
0.504703982 6.65444958 -6.60231292 9.38759614
3.18071608 -8.67230987 1.31648676 9.33054396
-2.81238016 -6.61680944 6.00417182 9.36705549
-5.50878252 -6.54961822 -3.24335692 9.15224277
6.50238424 5.8160906 3.86567308 9.54208253
-4.15969652 -7.69642257 1.54732631 8.88438036
-4.19204106 -2.76134979 -7.90152175 9.3612129
-6.94144175 0.513428375 6.09543279 9.25210912
0.458516075 -6.80256341 6.35598351 9.321139
-6.42268279 -1.80294748 8.17969078 10.5550374
-0.258325199 -1.3436767 -10.0495634 10.1422839
4.95551244 4.04445575 -7.83605739 10.1152618
-8.98970708 -3.68523426 3.90485628 10.4710882
-3.41751633 3.33734635 9.20600182 10.3714882
-4.89569674 -8.18956447 -3.57013006 10.1873766
6.32368256 1.38437934 6.31275084 9.04191852
8.49720463 -1.39557843 4.96627047 9.94052151
-2.17318827 -7.47384118 -5.56870043 9.57034345
3.41780563 -1.51902924 8.27169045 9.07797929
-6.60565571 -4.03845512 6.13888437 9.88077469
8.78712571 -1.32565132 -2.52177785 9.23743975
7.27132826 2.2801995 4.93916034 9.08112489
4.56832338 -3.89166857 -8.39350658 10.3182176
-4.66603906 6.5733707 -3.58171554 8.82098685
-7.58600777 -3.18582829 -4.02526122 9.15968033
-2.01269221 8.03196976 2.43921263 8.6321044
-3.57616263 1.35325775 9.88683047 10.6004558
-1.93762356 -4.20184553 7.82870153 9.09386929
-4.56871407 4.84957213 7.34499266 9.9166736
0.700677962 -0.883501468 10.6680774 10.7275067
-2.59307052 -4.35172035 -8.87464819 10.2186528
-8.47751134 -0.354640722 -3.84273976 9.31453796
-6.56541982 6.90533829 -3.24897421 10.066989
-8.12955014 -0.346136815 3.40272494 8.81974677
0.379583009 -4.40455613 8.3753989 9.4705599
-4.56629286 -8.71372095 2.93159093 10.2651931
6.18640914 -2.61725109 -6.69829342 9.48624246
-3.92997091 7.40516899 -4.03755925 9.30500316
3.10578795 -5.32018231 6.49083319 8.94880853
-9.64384609 -2.26988871 -3.42341839 10.4821732
6.49554813 -6.18923339 1.17296792 9.04845894
5.67681205 4.57596591 -5.21139593 8.96238286
-5.68440428 -5.57954361 -4.49350125 9.14523441
5.58982491 -4.12483193 -7.78853901 10.4365569
-8.46387081 4.32998392 -5.08305574 10.7806923
6.08353164 -0.782918497 6.68143441 9.06994401
-1.51141388 3.45530115 8.35385492 9.1657171
4.88720935 -8.4061342 -3.24494391 10.250735
4.08831822 -6.163542348E-03 8.39897047 9.34115029
-3.14824678 -9.39898591 -1.45349813 10.0182359
-6.19978389 5.61133321 4.46922351 9.48147348
-4.94441589 -6.91589041 -1.74952109 8.67972423
1.75379966 5.46625138 -6.06860674 8.35366417
4.16855181 -8.22307748 0.510872492 9.23346188
1.36571355 -5.93293287 -8.67332129 10.5967622
-4.35353291 -7.42961639 2.57524811 8.98801154
-6.46989647 -3.62465709 5.62399346 9.30736277
1.50225393 -6.44350939 -6.4796075 9.26071776
4.00380267 -7.86665364 1.33272575 8.92697223
-5.44218097 -7.09899623 4.25817409 9.90682229
3.31129434 2.69026872 -9.66861858 10.5680841
8.803914587E-02 8.28622233 -4.22052399 9.29957279
4.4377024 -6.35694748 -4.00557256 8.72631625
-1.680610001E-02 3.38336377 8.70178944 9.3364111
0.616805956 7.56728236 4.41270024 8.78157932
8.31457054 -2.51425391 2.47617308 9.03244093
-5.51339405 8.02750125 -1.43988353 9.84436666
-4.68854953 -1.72395853 -8.13292933 9.54458324
-4.81082376 -4.69755846 -7.17809893 9.8354555
-7.30251728 -2.85681814 -5.34017688 9.48713116
8.63720153 -2.80509871 0.96383074 9.13229428
4.50897505 -2.20241909 -7.68163721 9.17545944
-7.70517246 1.59543546 -6.02239958 9.90880384
9.55313674 -0.588428265 -0.369118835 9.57835676
-0.929616041 10.0529815 -0.780648981 10.1260079
8.82779846 1.44320941 1.66326126 9.09831397
-6.12172368 -8.3105827 -0.309259431 10.3265157
-3.40351321 -6.09910608 -5.93815393 9.16758797
5.1454365 -1.77909033 -7.44457969 9.22293044
0.33748724 3.18016753 -8.86470225 9.42392217
7.04352028 4.57772921 3.77203999 9.20842377
-6.62547923 4.80555769 -4.82527719 9.50124517
0.514862122 -2.42606755 -9.04986018 9.38354176
5.6708459 -4.26587694 6.52917189 9.64293964
-8.79029 -1.67356944 4.59326172 10.0582347
6.10160146 -3.22957577 6.52434932 9.49878066
-3.80028435 6.54400357 5.20662759 9.18559278
-7.56687898 2.32411551 -4.66342117 9.18731013
1.50100992 8.95130439 -0.863220692 9.11723813
-1.89987254 9.99221229 -4.77942765 11.2381827
5.98298614 2.77575655 6.66798647 9.37885873
-7.67736732 4.13307213 -1.16521334 8.79670258
7.41548307 -3.09203176 4.16254785 9.048583
-0.24442385 -8.8871807 -1.789875629E-02 8.89055927
7.10945731 3.9459495 5.01527017 9.5534201
-0.870731783 8.42687659 -4.51454075 9.59955734
-0.761370061 -8.89202165 0.74962308 8.95598505
-1.11483486 -3.31818119 7.97097568 8.70572435
-0.854892481 -0.64585966 -9.03119194 9.09452603
4.16675142 -6.01630505 -5.26470806 9.015259
-3.65506445 -6.99144893 -6.48775246 10.2142443
2.87627976 3.42702024 -8.25781324 9.39196106
-4.50253888 -6.53770306 -7.07222279 10.6315922
3.38766855 3.17150281 7.65768289 8.95404018
9.07842551 1.24021333 -1.12773297 9.23188608
-0.67573765 -3.09693579 -8.58640856 9.15281621
-9.12274664 1.15188973 -0.96614191 9.24579831
8.64255802 -2.76169508 1.11555454 9.14140201
0.796979499 6.89635623 -5.86831973 9.09021903
1.78505699 -9.05578153 0.554967921 9.24670736
-1.60679021 -5.44951026 7.0005991 9.01594835
-4.83213438 -7.70636349 -1.78386848 9.26929057
4.54782119 6.17308463 5.34737501 9.34794475
-2.5387616 -8.79077551 -0.4982227 9.16358393
-0.370616998 -5.646384 -7.45600208 9.36007351
-6.84229013 1.55001345 6.25555761 9.39954663
1.90695997 -6.64441156 6.30316143 9.35492091
-8.04533509 -1.33609269 6.21758003 10.2552846
-4.3972069 -0.908663182 -8.22265355 9.36873144
5.90131826 4.73065123 -7.43458424 10.6055486
-9.1757975 -4.52589155 3.16332503 10.7091353
-9.20953838 -0.271916564 5.55144613 10.7567695
-2.95679874 -8.45537234 -4.63238142 10.0843908
5.41762671 3.81639585 6.61476094 9.36325898
10.2269454 -0.500411819 3.7827284 10.9155787
-0.742635556 -9.2258962 -2.0126398 9.47203185
2.80985363 -2.29316406 8.56936872 9.30526513
-4.68690695 0.804349748 7.4582981 8.84535391
9.11876418 -1.63989161 -2.06672059 9.49275716
6.55633125 1.41131695 5.62308725 8.75193723
2.56760068 -5.91939008 -7.89495702 10.1961806
-5.28583059 7.41780955 -0.323452766 9.11419362
-6.81851334 -2.91372951 -5.47389402 9.21658612
-0.199284422 8.39907666 2.74240771 8.8377035
-4.56150443 1.63776603 9.71428899 10.8561969
-2.08090637 -5.07765231 7.29549708 9.12891023
-5.59359944 4.68301349 6.14040037 9.53538078
2.26108806 -1.41465201 10.2714335 10.6120736
0.535462287 -1.954004 -9.36105728 9.57779958
-8.45431906 1.8595259 -2.10485327 8.90863371
-6.26427371 7.47922649 -2.93290835 10.1873404
-9.6566562 3.906937378E-02 2.07909493 9.87801453
0.448025232 -2.51055022 8.66795284 9.03531934
-4.50586852 -8.96398448 3.94121332 10.7791016
5.2345288 -2.27408853 -7.13289231 9.13509295
-0.455507372 7.61722733 -4.43035915 8.82370224
3.71650256 -1.80745561 8.02251775 9.02441566
-4.17720606 2.73341244 -7.5961923 9.0897047
6.23517548 -6.65448179 -0.656579581 9.14279159
4.43893778 4.79346799 -6.22581455 9.02453716
-5.92997708 -5.71370486 -3.86071466 9.09484299
4.71916869 -5.48739182 -7.17155488 10.1888773
-8.00473127 4.85574052 -5.81596372 11.0217681
6.53351959 -1.00397921 6.5548132 9.30915832
-2.70975895 3.18523858 8.05009654 9.07152648
4.34372838 -9.7589692 -0.932766564 10.7226634
4.21842549 -1.79471687 8.52634834 9.68063728
-3.8291214 -9.99235759 -1.59072138 10.8184923
-5.47173513 4.06258473 6.19844383 9.21223023
-5.89892237 -6.70041297 -1.11233985 8.99611689
2.29940438 7.47342566 -4.79020378 9.16980937
5.07298158 -7.50169787 -1.14630023 9.12823188
2.16537347 -5.48396613 -8.92776326 10.6989571
-5.68208875 -7.19740545 2.44423345 9.49015569
-7.94919553 -0.670222983 4.37487617 9.09826632
1.47158626 -7.45721768 -5.08160705 9.14321562
2.21436683 -8.64456695 2.20176295 9.19128491
1.67822615 -9.10717967 5.25330162 10.6467996
3.46241488 2.75764324 -9.82470073 10.7757903
0.232361349 6.43006617 -6.15718458 8.90565353
5.38124658 -7.35616454 -2.68702606 9.50216189
-0.372928617 3.41648398 8.24335789 8.93109108
-0.191516729 8.18618311 4.62637214 9.40497697
8.68770478 -2.11601628 2.41739591 9.26269627
-7.85395954 -6.58885437 -3.32568907 10.777657
-4.3663685 2.6092614 -8.38427928 9.80660788
-6.27356477 -4.65514573 -7.00694376 10.4940582
-7.85837545 0.474275673 -3.17752264 8.48973805
8.80894147 -3.10478025 -0.831227993 9.3769958
3.98705443 -3.19090956 -7.72423842 9.25971738
-8.05350264 3.97754209 -4.76026248 10.1656207
9.0980512 -1.22213173 -0.850945156 9.21912411
4.346655 7.56269574 -3.62127423 9.44464947
8.33543651 2.79173662 2.67704376 9.1891163
-6.86402877 -4.0761992 -5.17664844 9.51461928
-2.29212442 -7.07982798 -5.74560036 9.40158083
4.13658879 -2.40320793 -8.28244893 9.56481758
1.731052 3.76341815 -8.18569011 9.17416916
5.3851722 6.89315241 2.74294944 9.16730066
-6.79183156 5.72818537 -2.24133795 9.16322429
2.0089319 -2.62950659 -8.11470145 8.76347488
6.31898688 -3.27337182 5.31939713 8.88484913
-9.45270754 -3.87033981 2.31167273 10.4726807
4.06074702 -5.38604222 7.09576285 9.7902486
-1.93958916 7.13130113 6.14333794 9.61031024
-7.78622512 2.34410261 -4.38028451 9.23617946
2.98156256 8.71369778 -1.6565818 9.35748404
-8.55169352 0.59825808 -2.46919698 8.92111588
6.5329208 0.976734059 6.38333544 9.1858606
-7.31660234 4.20199694 -2.06147301 8.68556959
6.42018001 -1.20852829 6.73804127 9.38511865
-2.14126013 -8.85149618 1.53520365 9.23530344
6.63814769 5.08464275 3.11235842 8.92218424
0.494618726 7.52160193 -4.28772327 8.6720075
2.334709433E-02 -8.97665045 1.36152171 9.07934688
-1.1464545 -2.06579208 8.20468812 8.53807719
-0.523077871 -2.13801221 -8.8212062 9.09166572
4.03273569 -7.18893379 -4.59982869 9.43939353
-2.3565867 -7.51139246 -6.86915852 10.4479594
3.3990264 3.09703927 -8.12877394 9.33927184
0.645034599 -6.13454937 -8.17095218 10.237833
2.35071877 2.97166188 8.48499495 9.29256651
8.08246005 -4.01895132 -2.54013732 9.37712258
-2.99639064 -2.81106258 -8.2393308 9.20689968
-8.47364635 1.53580774 -1.23891806 8.7003624
8.74958634 -0.466964363 2.58116794 9.13431688
3.75164256 5.90780699 -5.53459266 8.92237195
3.82738048 -8.43129648 -2.637631947E-02 9.25938969
-3.80940823 -6.21978334 5.37019942 9.05739133
-5.18731404 -7.02924673 -4.33018246 9.75033418
4.75589116 5.07291588 6.15086929 9.28365064
-6.18798812 -6.33300599 -1.1702909 8.93127889
-0.359222875 -4.74128686 -7.50576558 8.88512009
-8.23671079 -0.293403232 5.03202356 9.65664285
-1.1175383 -7.18737643 6.12145028 9.50680942
-7.85928581 -3.37879497 6.00524648 10.4521584
-0.468733623 0.545756912 -10.2736172 10.2987753
-3.76699887 -1.59462078 -7.85115677 8.85289549
-8.46400143 -4.45173926 4.42930739 10.5392631
-5.03627177 2.70030982 8.74215919 10.4441876
-3.96209669 -8.12686974 -4.04592216 9.9052364
5.28809413 3.1002265 6.85403361 9.19527708
9.63017996 -0.875866718 5.14330261 10.9526741
-3.55066398 -8.65588533 -1.78400562 9.52440243
3.96058287 -1.12351556 8.12305646 9.10673103
-8.14926616 -0.206787165 5.18642487 9.66189955
9.07044169 -0.712909503 -0.309404264 9.10367417
6.47212676 4.54472543 5.07923374 9.3990196
4.69849761 -7.04491367 -6.03763176 10.3999849
-4.75368488 8.14732947 -1.79891701 9.60273918
-8.54867126 -1.87725881 -3.18511541 9.31390579
-2.62291706 7.28841796 3.97860769 8.7080451
-4.31048712 1.93143339 9.45660246 10.5706227
-5.21561697 -3.31903716 6.51911326 8.98429217
-4.90650561 1.9091112 8.98934223 10.4176186
-5.743191349E-02 -2.57743379 10.2482736 10.5675718
5.366524207E-02 -4.43983625 -8.68934908 9.75806401
-8.47555275 -2.27059443 -3.59468345 9.4822119
-5.83677519 7.77834891 -3.58559089 10.3647054
-8.79583133 0.582983571 2.76550665 9.23875239
-0.377958235 0.814773042 8.96043606 9.00533853
-8.3048741 -6.73544952 2.20373555 10.9175851
5.06854222 -3.30108014 -7.29327329 9.47518261
-3.48615964 7.68749199 -3.77345859 9.24607116
3.50563805 -2.30577072 8.60648005 9.57484076
0.48087528 -0.46737504 -9.05622332 9.08101653
7.08559204 -5.69225402 -0.958696497 9.13928167
5.53369372 5.51242609 -5.06790579 9.31086873
-4.59719936 -4.67196791 -6.12100998 8.96818205
5.29101888 -6.01359676 -6.70625432 10.4466298
-7.52040992 4.54176978 -6.38524575 10.8607367
5.317298 -1.08439142 7.53177975 9.28317128
-2.84805328 4.34879552 6.8568525 8.60464155
3.78031106 -8.53235292 -4.09487536 10.1911629
4.54103499 0.385045599 7.79225313 9.02709631
-1.80617251 -10.3087909 -2.11180438 10.6767573
-4.9371615 4.73175256 5.89111091 9.02608629
-6.35563643 -7.13338699 1.310173667E-02 9.55403036
3.34489141 6.56374046 -5.20167933 9.01822905
3.76973426 -8.13674994 -0.658006569 8.99169443
3.11303494 -4.74996024 -9.09468632 10.7222399
-2.50738716 -7.89125734 2.80390685 8.74190061
-5.87417609 1.07212114 7.00316242 9.20324249
1.63567815 -7.14202482 -5.76752039 9.32460471
3.00987235 -7.84348778 3.10323577 8.95598707
-0.555976252 -9.2321006 2.80288115 9.6642089
-1.28015223 -1.17976028 -10.1414065 10.2897401
-0.428787925 6.74858712 -5.66323847 8.82040573
4.49611678 -7.37991492 -2.99891627 9.14722412
-0.765049791 3.11959921 8.71499462 9.2880747
3.615965474E-03 9.39207431 2.19643583 9.64548616
8.97267567 -1.68869307 1.44655698 9.24408568
-8.73493748 -5.10336141 -2.97050324 10.5435914
-3.60077696 2.6291099 -8.84843747 9.90821171
-5.07888809 -3.53631741 -8.50766284 10.5205025
-7.70827619 -1.345684 -5.5866349 9.61451386
8.41669469 -3.56174165 0.766625276 9.17139397
3.82296303 -2.50221696 -8.54854109 9.6929712
-8.56456407 1.02851111 -5.85742998 10.4268441
9.0634343 -1.56028986 -0.285618275 9.20119142
7.8686627 5.02690905 -2.10585086 9.57184805
8.0267608 4.76616518 -0.244268391 9.33835567
-5.99465804 -0.9450534 -7.3436597 9.52671973
-2.7710147 -6.27261159 -5.50374319 8.79291577
-4.960962852E-02 -1.24263466 -9.22920809 9.31261961
3.50131258 4.28495097 -7.88234298 9.63074895
6.30319172 6.20991837 4.20279378 9.79575355
-6.44009139 6.30333893 -0.404235917 9.02054685
1.57877464 -0.675445787 -8.71976324 8.88723958
6.02024248 -3.03101585 5.9465039 8.98839726
-9.71974736 -2.16082692 2.13993965 10.1844
4.93019958 -4.05415792 6.74942637 9.28966203
-5.03146599 4.82195016 5.67979141 8.99037729
-7.5037256 4.30133283 -2.80563289 9.09279594
2.39572774 7.99431142 -4.20847427 9.3466455
-8.74047737 -0.168444112 -1.92147318 8.95077523
5.80292718 1.52063083 6.67567822 8.97501876
-6.23676616 5.79880314 -4.18530556 9.48894897
6.34319768 -2.14580779 6.30853387 9.19990475
-3.61499326 -8.37740127 -2.63625129 9.49730747
8.0901165 1.27400733 -5.4602707 9.84315172
-0.940714962 7.64088713 -4.99657217 9.17789923
1.85497738 -8.35504833 2.99539754 9.0675344
0.877912206 -3.96415551 8.52641165 9.44377861
-9.960867998E-02 -0.393864171 -9.84459215 9.8529714
3.95388035 -8.27942524 -2.1415026 9.42168167
3.52540697 -0.512915435 -8.65705491 9.36141956
3.60524335 1.49695101 -8.24598202 9.12331417
6.13374005 -6.6141607 -0.749624831 9.05162008
2.52579223 3.35480983 7.89282146 8.9404142
7.72692322 -5.19287498 -0.751199624 9.33999967
-3.10205081 -4.08778073 -7.76717593 9.30922619
-8.17573422 2.35186074 -2.7687744 8.94650717
9.2298114 -1.14884731 2.20193852 9.55812753
1.74707685 6.76131418 -5.89945529 9.14172957
2.35600391 -9.15027038 1.07877134 9.51009727
0.206059135 -6.58563097 7.05643663 9.65434066
-5.04115556 -7.11210619 -2.93289809 9.19767335
5.44822888 5.59906027 4.28655262 8.91107217
-3.88446677 -7.52607117 -0.187045226 8.47147067
-1.96834539 -5.95154199 -7.15537964 9.51286988
-7.07570871 2.90828488 5.55909353 9.45660063
0.461414109 -6.89614491 6.18100681 9.27224691
-8.26470773 -2.6175028 6.75167396 10.9882581
-0.449741355 1.62992276 -10.3989808 10.5355454
-4.13879692 -0.51011148 -7.96711323 8.9924828
-8.68481923 -4.04422672 4.53916833 10.6012218
-6.54338371 0.993968386 8.20398126 10.5408326
-3.04866811 -7.85255711 -4.72608308 9.65882455
5.2894399 2.15054475 6.93541005 8.98348094
9.7665308 -1.47136484 2.66454293 10.2298498
-3.53415239 -7.78525938 -3.53402273 9.25147628
6.40852326 -6.807222151E-02 6.3063305 8.99130738
-5.68625807 0.311776796 7.18772576 9.17028556
8.91770117 -1.59509197 -1.22514762 9.14170111
6.14871647 3.70048072 5.93233217 9.31089881
5.81649729 -5.98117364 -6.30018298 10.4545868
-6.22933178 6.7450552 0.896007017 9.22513808
-7.03072673 -3.74504334 -4.56267673 9.18011367
-3.18729225 7.3870383 3.7003664 8.85549989
-4.436041 -0.437168052 9.14112645 10.1700427
-4.91671746 -3.00629006 7.12202565 9.16161229
-5.43141934 7.69121396 1.15547117 9.48631656
0.818167687 -3.4005675 9.98381616 10.5787449
-1.24643278 -2.32209908 -9.2674077 9.63486296
-7.42781906 -3.01524382 -4.583486 9.23431292
-7.16469142 7.30807567 3.681423057E-02 10.2343602
-8.64618144 1.85644794 2.04988275 9.07771291
-0.835193539 0.331247576 9.32258165 9.36577822
-2.58652839 -9.94923323 2.20607889 10.5139981
5.8172173 -2.30296259 -6.75941295 9.21050038
-4.01222632 7.37537137 -2.82832813 8.85965592
4.29007609 -2.85800058 6.89061558 8.60543452
-4.12548022 1.33075661 -7.77047429 8.89779585
6.59850279 -6.44728244 -0.189242815 9.22732371
5.62411796 6.10925771 -3.18261478 8.89284934
-5.2336265 -6.23944484 -4.63153193 9.36870356
6.90531478 -5.52249852 1.43055422 8.95699992
-8.03772623 4.73675263 -4.54432562 10.3775124
7.30783878 -8.307257825E-02 5.15843862 8.94544005
-2.56989882 3.58336714 7.45361263 8.6603257
3.9610678 -9.56209443 -0.616579525 10.3684077
3.87199994 -0.221906906 8.53665092 9.37635511
-2.77730778 -10.0135675 -1.56419229 10.5086474
-5.36123249 3.02126208 6.85578389 9.21263324
-7.32356182 -5.47001519 1.44098883 9.25375992
3.67210461 5.21642905 -6.84672566 9.35805196
5.24864611 -7.18891791 -1.06437417 8.96446982
3.65355977 -3.82294075 -9.11976245 10.5419847
-3.61689764 -5.63206924 6.25507323 9.16122774
-7.01503787 1.26387289 6.29633787 9.51062572
2.825885 -5.87402398 -6.4654399 9.18105096
3.7684123 -8.09333289 0.91235594 8.97414965
2.60633576 -8.67853517 5.3232276 10.509363
0.224788815 3.516845649E-02 -10.5567082 10.5591597
-0.260329237 7.04524389 -6.01948002 9.27024124
2.47687743 -8.64329409 -2.65792164 9.37582007
-4.32264759E-02 2.51834067 8.66149351 9.02027594
-0.765954169 8.35253782 4.20992125 9.38482876
8.58775257 -0.638493238 1.97581038 8.83521332
-8.71420295 -4.91815722 -4.32503136 10.9009862
-5.09483025 -1.62986588 -7.4811166 9.1967855
-6.21447609 -4.53819231 -7.53714851 10.771421
-7.40055986 -3.5349167 -4.46608451 9.33862052
7.70662883 -4.94982197 0.465211756 9.17111157
2.52663717 -3.58598099 -8.03538719 9.15481307
-7.6459216 4.88400933 -4.36825539 10.0695243
9.04011638 -1.79963044 -3.333059723E-03 9.21750427
7.9388183 4.27438944 -0.742813228 9.04693388
8.87000759 0.314072046 2.27849767 9.16336333
-6.47542259 -1.7521524 -7.18602538 9.83056949
-2.80546884 -6.77237859 -5.98787074 9.4652186
5.09165961 -1.73793968 -7.30794935 9.07477579
3.39705408 3.89202627 -8.16177301 9.6593159
5.53768437 5.96066124 3.8498802 9.00094485
-2.78926837 -0.357529248 -9.73488255 10.132906
0.339113602 -3.06493881 -8.25908274 8.81596822
6.32652012 -1.94293648 6.0901767 8.993893
-10.0758808 -0.501791698 2.75974023 10.4590313
4.04590563 -0.752717637 8.24199638 9.21229833
-3.39936452 4.96796292 7.03347739 9.25776101
-7.68105783 1.83043537 -4.7313115 9.20513181
2.83383059 8.22279002 -1.71705692 8.86527811
-8.48707069 2.83672443 -3.31907415 9.54429817
6.66792303 1.428684221E-02 6.14415072 9.06708276
-7.59339732 4.03166176 -3.03625026 9.11771874
5.85014015 -2.07607315 7.11432579 9.44181396
-2.76829731 -8.83070012 0.787355085 9.28787719
9.51252965 -1.52172723 -0.676345482 9.65718993
0.294952454 7.57539518 -5.31354685 9.25782854
1.44580694 -8.39931242 2.64367769 8.9234432
-0.200926236 -4.50648046 8.28008136 9.42912959
-2.48374315 -1.80877934 -8.59916159 9.1316068
3.18102736 -7.6557874 -3.51085373 9.00311667
6.23172023 0.662774231 -6.11735224 8.75760271
3.74957126 3.75690028 -7.89138776 9.51039353
2.77055424 -8.43974369 -4.9562568 10.172007
2.71222517 4.64556066 6.95229624 8.79043926
8.53951241 -3.40122728 -1.42897747 9.30234357
-2.37609617 -1.90647726 -8.75552296 9.2703652
-8.72991409 2.16535968 -1.49786339 9.11832097
8.77653491 -3.19255707 1.29717368 9.42881993
1.65947794 7.3142812 -5.44568431 9.26865978
3.86477457 -8.37115906 -0.585268866 9.23879462
-2.1034497 -6.29139563 6.95766131 9.61328303
-5.6459449 -6.90738422 -3.71542018 9.66400526
5.44535939 5.77631245 4.60774983 9.17872992
-6.47416887 -6.11419545 0.396431944 8.91377624
0.146636386 -5.48125955 -7.67775556 9.43470396
-6.55264187 1.98622606 6.64571304 9.54189243
1.20986069 -6.16203453 6.95067613 9.36730117
-8.34681483 -5.67899862 4.10987354 10.9000644
-2.231653236E-02 -2.37556554 -9.38195519 9.67806245
2.69316014 5.93802835 -7.75357847 10.1307093
-9.25203459 -3.71475923 2.83292788 10.3646061
-6.92897537 1.63569142 8.29287149 10.9296799
-5.6176471 -7.83468918 -3.94010083 10.4146391
6.12258205 1.78728575 6.51762432 9.11920107
9.97637875 -1.67415932 3.80355015 10.8073094
-2.20033358 -7.22885946 -4.86111809 8.98489544
2.83747921 -1.856944 8.52045662 9.17048038
-6.05038196 -4.97393319 4.26095706 8.91643922
8.87697422 -0.430637847 1.86547775 9.08108626
6.56327751 1.92329472 4.84381023 8.38082166
4.72141037 -6.51646817 -5.77734334 9.90624901
-4.54946251 8.5447967 0.332138559 9.68614866
-8.76551143 -0.863311492 -3.84035839 9.60873821
-2.19955084 7.42894137 4.94481355 9.19121183
-3.4387227 1.35800412 9.57459499 10.2636182
-1.07673687 -4.75220687 7.45169929 8.90340691
-6.43474585 6.25325301 0.238165477 8.97584816
3.99930522 -5.65898269 7.49504517 10.2075575
-0.524259516 -2.58258337 -9.59809386 9.95329044
-7.81371812 0.357708833 -4.26445239 8.90885518
-5.68098073 8.64733 -3.38376655 10.8857583
-9.05402921 0.309472873 1.6328969 9.20530122
-1.18891089 -0.80078073 9.42942751 9.5377598
-5.51211012 -8.14516855 3.5393935 10.4524846
4.24858329 -0.132371389 -7.96848018 9.03131544
-3.52055667 7.63608645 -3.18164081 8.99038229
4.12336763 -1.27857023 7.96703972 9.06149128
-1.3787186 2.73870662 -8.76220659 9.28319144
6.28293447 -7.07475848 -1.09730517 9.52531111
5.55460854 3.45303921 -6.67420148 9.3446306
-6.28751008 -4.4841215 -4.02096753 8.70679668
5.55353962 -6.91209476 -3.46501791 9.51972717
-8.35864999 3.90089029 -4.75494158 10.3775452
7.39487118 -0.400786119 4.42848504 8.6288023
-1.8796321 3.57439722 8.40343249 9.32346555
3.20886394 -7.6377087 -5.52942666 9.96021893
4.6877077 1.40615474 7.39956321 8.87160698
-4.14883415 -9.40398611 -1.50750393 10.3884719
-6.02057243 4.82843222 5.56806699 9.51653403
-6.08503463 -6.45580109 1.87944592 9.06848009
3.04588177 6.34599036 -5.87219185 9.16687659
4.85895208 -8.0197371 -0.794734699 9.41048361
2.83671408 -4.96927689 -8.85230137 10.5405834
-0.3484034 -8.07301573 4.66391002 9.3298995
-4.40137239 3.85677006 8.15652138 10.0387049
1.12274435 -9.03954022 -3.93405117 9.92222762
3.15711323 -7.97648536 1.59444908 8.7254771
0.32864442 -9.11933484 5.01591878 10.4129591
4.31257882 1.27934895 -9.6604407 10.6564152
0.270419501 7.07374494 -4.86460164 8.58925744
4.08391264 -8.47741755 -1.1955184 9.48547389
-1.31763887 3.79774089 8.23352327 9.16241854
2.91793894 8.36687205 2.46408942 9.19731766
8.53072674 -1.34780184 3.3420519 9.26062521
-9.77753852 -4.41844221 -1.50167209 10.8341086
-3.3410545 1.48644958 -9.10940031 9.81597431
-6.61043927 -4.77562143 -5.94271942 10.0906086
-6.88112037 -0.373659355 -5.66807368 8.92280775
8.56702728 -3.00326971 0.610079045 9.09866923
2.31603517 -0.689087927 -8.52256527 8.8584976
-8.57746248 1.19931319 -4.53713013 9.7773598
8.80704607 -1.61900962 -0.429201046 8.96490191
5.95776103 6.28924072 -2.65161998 9.05983189
8.67455838 -1.31234746 3.3204753 9.38060633
-3.68438308 -1.52023878 -8.8086101 9.66837197
-3.26512612 -6.70835834 -4.49245969 8.70892153
3.36715496 -2.66462247 -7.62590646 8.75170811
2.40106834 4.06241642 -8.21871804 9.47711362
5.21718547 6.48249757 4.35942898 9.39395657
-1.0354074 -7.384725706E-02 -10.4788429 10.5301315
1.73828654 -3.08210351 -8.2941464 9.01742017
7.09134426 -1.50321816 5.4766358 9.08517297
-9.82145381 -0.760041528 3.08693545 10.3231676
2.73826003 -4.89621982 7.72638695 9.54819835
-2.53717117 5.23561981 7.34219037 9.36785524
-6.13208028 5.1005611 -3.86924654 8.86505504
4.11811105 5.67972192 -5.84939888 9.13419657
0.451131006 9.44336552 -5.25909574 10.8184453
7.95590093 -1.31439005 5.10934529 9.54617149
-8.1889985 4.00984416 -1.72283035 9.27936911
1.89390518 2.00625956 10.0890694 10.4595065
-1.38365094 -8.93368486 0.689983103 9.0664928
9.1135314 -5.24498284 -1.51268716 10.6233009
-1.03940733 7.81501595 -4.75849611 9.20858985
0.456920964 -9.03232381 4.217820178E-02 9.04397198
-2.71434012 -0.887484828 8.42005236 8.89115029
-2.55333027 -1.25368458 -8.49556308 8.95911896
5.42316257 -6.55021567 -3.17361619 9.07677571
4.30300453 1.9480346 -7.80122755 9.11974989
6.89786111 0.795810335 -5.94208236 9.13904507
-0.743581324 -8.12737327 -6.73926622 10.5841778
2.45518408 3.45512097 8.11608178 9.15623139
8.69916983 -1.93082479 -1.99228716 9.13087336
-4.32827785 -3.13617145 -7.38363533 9.1152417
-8.63514714 2.71957119 -3.15308871 9.58664707
8.57533586 0.112269486 3.77486327 9.37008977
1.20738979 7.00395757 -5.20177501 8.80747836
2.31995037 -8.48177301 0.820201754 8.83149897
-0.547222623 -7.1517371 5.85070958 9.25621947
-4.83947267 -6.74626545 -3.68362698 9.08304469
4.11365227 5.65277739 5.736636 9.04350705
-7.28736244 -5.20010221 -2.52135781 9.30075048
0.169241973 -5.75447663 -7.37633214 9.35697174
-7.4565073 0.773008815 5.94280919 9.56629629
0.948451954 -6.16044305 6.59214124 9.07231755
-8.76370478 -4.31828128 4.86130946 10.9124885
-1.55069624 -4.22321933E-02 -9.964773 10.0847976
4.13469888 5.58522701 -7.25152409 10.0436595
-9.16013464 -4.76175551 1.65450899 10.4556101
-7.4495565 0.268885711 7.26843342 10.4114512
-4.44046018 -8.87532496 -2.40453092 10.2113098
6.19261053 2.38064693 6.11639029 9.02364312
7.6831971 -0.128494261 6.95635754 10.3652756
-2.9149589 -7.39800285 -4.67279619 9.22293098
3.44839972 -0.790316067 8.21796097 8.94711924
-4.89742038 -6.14946038 5.101024 9.37128781
9.15406428 -1.14292816 -1.84153714 9.40714817
6.52867029 2.01058861 5.85621995 8.99785055
6.14586742 -6.75404918 -5.11796455 10.4681626
-4.03052725 8.54801827 -0.474198085 9.46248541
-8.22640916 -2.3925422 -3.35787914 9.20181603
0.383623537 8.71023276 2.83056355 9.1666467
-4.00736644 1.03850503 9.64144853 10.4926168
-1.93664872 -4.73601113 7.04324224 8.70561146
-6.45010185 7.1894255 3.755991198E-02 9.65883345
2.43984185 -2.7158582 10.2494751 10.8802782
-1.16231423 -2.68043634 -9.43424436 9.87626852
-8.08215465 -0.479597562 -5.41876556 9.74239487
-6.11821717 8.069052 -4.30121259 11.0019367
-7.73031365 -0.34996439 3.70916965 8.58126818
-0.855867016 0.204227333 9.86603846 9.90519723
-6.13994606 -8.74515672 0.641423683 10.7045844
6.15444248 -2.15713563 -6.4397593 9.16520028
-2.65102046 7.48419269 -3.81406546 8.80841331
4.34185668 -3.26002411 7.65925353 9.3884845
-0.450578285 0.230559962 -9.27590562 9.28970418
7.19123273 -4.63405854 -1.24424698 8.64502616
3.86711838 5.22007256 -5.70729127 8.64736583
-5.87291192 -4.92748844 -5.44630184 9.4039056
6.8926377 -3.06913077 5.59560014 9.3935488
-8.55785033 4.637083 -2.23533341 9.9867941
7.50313703 1.22585981 4.48168083 8.82526264
-2.19679518 2.82764534 8.61664114 9.33102308
4.64208471 -7.93941188 -4.80727117 10.377527
4.63241249 0.661480267 8.2163918 9.4554691
-3.56816426 -9.97211073 -1.05654638 10.6438282
-4.90987035 5.61605909 5.78059126 9.43727619
-6.5165053 -5.74372231 -2.42803474 9.01945342
2.70872275 6.58187746 -6.25849693 9.47771458
3.58262207 -8.71127 -0.448087896 9.42985624
3.01069946 -4.81260375 -9.02029844 10.6579196
-2.22125027 -7.42532785 4.45214236 8.93817756
-7.20672254 2.22785404 5.75693113 9.48906947
0.39129082 -7.65105146 -4.55144416 8.91107967
3.7778192 -8.19928339 0.492623035 9.0411749
-5.99980287 -4.96266648 4.70956921 9.09976566
-0.52398172 0.945656325 -10.5878583 10.6429115
-7.926247135E-03 5.90875292 -6.64117702 8.88924384
4.91677638 -6.79539561 -3.74633132 9.18624459
-0.981814514 6.61524102 6.92685629 9.62843245
-1.6037651 8.35686029 4.60350588 9.67478386
7.48278044 -2.30277808 3.92036066 8.75579909
-9.10740896 -3.73779311 -2.8376241 10.2453944
-3.83705791 -2.59882703 -8.20288193 9.42147479
-5.94040164 -4.68867608 -7.53810932 10.681533
-8.34386625 -2.33044213 -2.27945059 8.95806673
7.331143 -5.20078824 2.3591296 9.29297307
4.38743881 -3.4665856 -7.86424814 9.64951988
-7.07303883 4.73256937 -6.23067289 10.5473398
9.39947934 -0.958160043 0.234722642 9.45110455
6.13394219 5.45220593 -3.91869246 9.09439096
8.06150819 3.80115623 1.41180748 9.02385191
-3.30337789 0.563344464 -8.73087824 9.35189271
-3.45408432 -7.05831 -4.56836011 9.08957385
6.16639264 -2.72324052 -6.55881478 9.40523728
3.16669726 3.96969321 -7.4024825 8.97681362
7.35859816 4.95981067 1.49961636 8.99986322
-1.97509025 0.839105338 -9.95364443 10.1823434
2.00690278 -0.87582205 -9.13955974 9.39820596
6.19017971 -4.37222853 4.73461573 8.93595509
-9.28873263 -1.90919276 4.66037557 10.5662042
8.4607585 -5.01513334 -1.48823818 9.94740417
-2.44591367 5.87060985 6.87182102 9.36314465
-7.81123972 1.870854 -4.8112788 9.36290362
2.73778168 7.55022989 -4.03108764 8.98616089
-2.72675565 9.60843264 -2.41382015 10.275393
6.79932302 1.43777135 6.41528604 9.45800587
-8.85024175 2.39858398 -1.35344151 9.2688612
6.77586257 -2.41105323 5.1380285 8.83882504
-2.54491069 -8.98170949 -0.290116387 9.33979889
9.69202182 0.240195167 -3.26514268 10.2300605
-0.890863532 8.23205726 -3.78680427 9.1049597
0.960539456 -8.98086094 0.890964145 9.07591959
-1.65020407 -3.64966147 8.44573775 9.34738939
-2.01127849 -2.44649173 -8.3732971 8.9522437
3.30514346 -6.98657125 -3.7166776 8.57612054
3.49329485 1.12693594 -8.35123285 9.12229048
7.29626497 -0.172623303 -6.00634028 9.45205823
-1.6900998 -7.17929338 -7.53122439 10.5412538
2.14305207 3.56472883 7.70753041 8.75819552
8.6512748 -2.44532839 -1.98238884 9.2061964
-2.44653498 -2.82632862 -8.53566884 9.31833189
-9.15125949 0.669366611 0.977216237 9.22759739
8.42556455 -1.76107218 3.4780626 9.28377254
1.6982344 6.32929568 -6.27193414 9.07089531
2.70879585 -8.87018742 2.6934107 9.65775652
-1.67505189 -4.86007263 7.3631154 8.98006532
-3.7285276 -7.36430344 -4.09853139 9.21590162
3.88049163 8.2025805 2.18887243 9.3344365
-3.60034153 -8.46009965 1.23915319 9.27745902
-2.75189708 -3.26720567 -7.93871643 9.01503128
-6.88160214 1.66978442 5.88041188 9.20455712
1.15513883 -6.12934296 6.69884026 9.15301325
-8.12617878 -4.45091416 4.03763778 10.1068263
-1.27617774 -1.11073912 -9.96836913 10.1109225
5.98253898 2.28667796 -8.4926559 10.6369579
-9.25245007 -3.37082846 3.48077639 10.4444301
-5.89314225 -7.676241189E-03 8.42799262 10.28398
-2.39301461 -8.75935974 -2.87410439 9.52435709
6.22016187 2.46861343 6.39216267 9.25441568
10.116395 -1.26342878 2.73090355 10.5544083
-3.77729315 -7.42807865 -3.47459778 9.0286835
1.4733716 -7.17288879 5.07682259 8.91040319
-6.2212065 0.196170138 6.03796249 8.67172901
8.85598871 -2.78772477 1.527070112E-02 9.28440513
6.60955784 1.95933043 5.80493203 9.01235077
4.36030113 -3.95935524 -8.23883981 10.1275467
-4.52288354 8.27215068 -1.28284046 9.51475864
-5.49170935 -3.49634117 -5.57586009 8.5716678
-3.44759795 7.40654219 5.05938103 9.60937746
-4.52893049 0.651227825 8.62249606 9.7612882
-6.56759998 -4.43600098 5.20930648 9.4841103
-5.61192833 7.41485209 -0.21085306 9.30151763
2.36477139 -2.06024203 9.98918154 10.4699804
2.39049665 -1.08326257 -9.14279932 9.51202982
-8.29580857 -1.21709466 -3.98340508 9.28274072
-5.64907604 7.33267357 -3.43718716 9.87392614
-8.73867896 0.667833309 3.04404564 9.27775431
-2.48643939 -4.49771564 8.07962985 9.57560679
-4.84971668 -9.01665014 1.85498162 10.4048397
6.06056205 -3.06600097 -6.58621217 9.46091777
-3.06259356 8.32168109 -2.71126721 9.27258461
4.09890196 -2.83092832 7.39212238 8.91395679
1.21968566 -0.878988779 -9.02501687 9.14938162
6.78092327 -6.01545825 -2.13495542 9.31260935
4.36428641 4.74709465 -6.66103476 9.27099172
-6.04131723 -5.44206656 -3.20135456 8.73855098
7.46926223 -5.63482444 0.552455525 9.3726374
-8.65534182 4.1206695 -4.65667369 10.6573669
8.6245565 1.56792116 1.9693561 8.98441512
-2.78639469 2.75539908 7.83877987 8.76371435
4.3910358 -8.03192512 -3.60315279 9.83746545
2.96787419 0.543554621 8.7669294 9.27161151
-5.00850468 -9.15030862 0.895126378 10.4696952
-5.01571731 4.41930648 6.10497499 9.0530884
-5.46889655 -7.06699975 -1.27017854 9.025778
3.26532764 7.78993312 -4.0929429 9.3860324
3.9802151 -7.92847467 -0.260497482 8.87528488
3.473279 -5.42390481 -8.35743092 10.5512588
-0.818928973 -7.36072302 4.67996875 8.7608787
-7.51675868 -0.489427234 5.47561915 9.31255095
2.33453836 -7.20040017 -5.43702906 9.31971657
3.50442516 -8.46572664 2.75470073 9.56754406
-6.87926702 -3.06147146 5.19012127 9.14517803
3.33893038 3.50691929 -8.51518299 9.79567661
7.013236822E-03 7.25500623 -4.89109602 8.74974199
8.09676691 -4.51127227 -2.63033387 9.63472201
-0.383470032 8.66823748 5.33356642 10.1849065
-0.746985965 8.25998418 2.71289045 8.72611605
7.70125278 -1.16528193 4.32337189 8.90835119
-9.5651286 -4.20517694 -1.26774619 10.5253208
-3.22919931 -3.07899959 -8.12740481 9.27160588
-6.22710214 -4.93644775 -6.56721522 10.3089104
-8.84847823 -2.59932194 -1.70732888 9.37907316
8.36725608 -4.08242321 -0.704391263 9.33666539
2.21766331 -0.778817993 -9.06756345 9.36724585
-7.48580688 5.1687135 -4.37424377 10.0939047
9.07705435 -1.02123752 -0.239901756 9.137472
6.21304841 6.73462969 -2.53451398 9.50689059
8.22599353 4.10173603 1.80988751 9.36839905
-6.45718127 1.37841027 -6.62706628 9.35484967
-3.31018314 -6.45196417 -5.32563553 8.99708552
3.64642776 -0.758234706 -8.52730194 9.30517242
3.78574573 2.99241606 -7.50597372 8.92334389
6.12006478 5.9161373 1.3247664 8.61457366
-3.08426468 0.552798774 -9.65191118 10.1477911
1.01183037 -1.39263369 -8.87778809 9.04313832
4.46262405 -2.70919444 7.94562182 9.50724219
-9.45727825 -2.08681958 3.23981909 10.2123139
4.81366867 -5.70498462 4.96942985 8.96735684
-4.84321091 3.40841587 6.90913209 9.10000532
-8.36566748 2.74997768 -2.86368598 9.25999282
2.11051123 8.45889604 -1.70098135 8.88259632
-1.7795523 10.2492183 -3.231804 10.8930179
6.68095494 1.49337841 6.13059592 9.18964332
-8.21251534 2.47044163 -3.08977719 9.11565758
6.95152929 -2.05271795 5.62375504 9.17409566
-2.16340911 -8.65605842 1.67230252 9.07768044
9.03183723 -1.78294033 -4.47440014 10.2358789
-1.00954249 7.6489414 -4.8112029 9.09247787
0.643641814 -8.96976922 2.41502221 9.31146428
-0.804913442 -3.2283646 8.59235846 9.21405706
-0.745635852 7.310735754E-02 -8.93915404 8.97049567
4.48987763 -6.89651984 -5.17844783 9.72302982
3.77359219 1.09648955 -8.37014426 9.24670764
6.43040346 1.06326877 -6.33034697 9.08591888
0.657988246 -6.82083129 -7.40176455 10.0867639
2.7213986 3.61759762 7.84124271 9.05417639
9.05196405 -1.3348085 -0.346994164 9.1564279
-0.475515747 -4.33859496 -7.75547276 8.89926284
-3.5051674 5.21096224 -8.35141999 10.4492364
9.02804899 -1.19127121 -0.261249698 9.11005198
1.51546108 6.75187934 -5.12715504 8.61232929
2.27480007 -8.32206192 -0.548145894 8.64476107
-2.91651203 -6.11390709 5.87286058 8.96528826
-6.0419702 -6.30651016 -2.73251391 9.15118061
4.8178533 6.37464887 4.40036581 9.12201063
-4.47094407 -7.72888255 0.279293878 8.93325089
-2.60290979 -5.69792203 -6.84316728 9.27741307
-7.14707913 0.144258195 6.21782676 9.47432954
-0.537432488 -6.99098601 6.54465451 9.59141395
-8.01926563 -4.81229983 4.38872031 10.3309108
0.595455448 0.524225578 -10.2157585 10.2465165
7.44660047 2.30321866 -6.84486902 10.3734713
-8.61819012 -4.96508526 3.61202784 10.5816831
-7.73655812 2.15020733 6.57121935 10.3758685
-3.95294336 -7.80791305 -5.87789374 10.5422437
6.79718284 0.169222713 5.72121654 8.88609305
6.18912119 -1.53767146 7.11257322 9.55292377
-4.40505036 -6.69706334 -4.94871891 9.42045354
1.03932659 -5.91049781 6.20774065 8.6342474
-6.98512699 -1.74274686 5.3489835 8.96887898
8.27873695 -2.66986325 -0.896772447 8.74470446
6.59311164 1.82024235 5.34358231 8.67964719
5.377609 -5.68277293 -7.0092627 10.5043967
-6.31636007 6.8181641 -0.880758446 9.33592533
-6.67372557 -4.12447749 -4.87192615 9.23501987
-0.117818641 8.57380871 3.11741907 9.12372614
-5.80148376 1.78644981 8.03542899 10.0705877
-5.08443661 -4.22537663 6.35500757 9.17013765
-5.99980238 7.53907934 1.09492716 9.69712387
1.96759524 -1.92311048 10.293872 10.6552141
-5.21364706 -4.91759232 -7.33532758 10.2553333
-8.22523517 0.735005876 -3.87764918 9.12309654
-5.28401583 9.1681136 1.61666361 10.7046126
-8.32406484 1.16324367 3.56192644 9.12855472
-0.961649967 -4.67000039 7.72431232 9.0773716
-4.169185 -9.10398166 2.56080736 10.3354884
6.6500325 -3.03335463 -5.70499626 9.27206314
-4.79114342 5.69756307 -4.81355014 8.86496166
4.36052239 -1.37326031 7.83070911 9.06752472
-1.21972257 3.96028307 -8.12223677 9.1182397
4.61051061 -7.92178913 3.6110507 9.85145869
4.3370662 5.37547939 -5.61505842 8.90139331
-6.58373892 -4.70114544 -4.6076303 9.3100292
7.83981733 -4.60629106 1.58258104 9.22958373
-8.90718482 3.07788277 -4.26653726 10.3447882
8.09796985 -2.02443422 4.514069 9.48958737
-3.70808534 2.74829529 7.92946309 9.17493372
1.76348832 -9.4718027 -3.30406152 10.1853699
5.89201692 0.403740465 7.50630688 9.55110007
-1.15331802 -9.94335871 -2.3091065 10.2729011
-5.57860096 5.59686617 5.27148416 9.49917075
-7.14883586 -4.62969956 2.76072657 8.95330014
3.58344371 7.15781793 -5.00403285 9.44011499
5.25331265 -7.21421758 -0.983133886 8.97823932
3.20733207 -5.04376653 -8.54936399 10.4315955
-4.23802702 -6.72708657 4.33415511 9.05535573
-6.40666824 0.385946068 6.22404316 8.94052938
1.22912852 -7.07640019 -5.37732025 8.97227784
1.756652 -8.41793831 3.12022001 9.14785683
-6.60296554 -3.48897646 5.20637559 9.10376062
1.99257369 2.77938784 -10.1277267 10.6895367
-1.02744805 7.5629602 -5.08890576 9.17338423
6.39233142 -5.88226481 -3.29672114 9.29146439
5.194219621E-02 6.05316273 7.36667892 9.53474883
-3.23259544 7.4432404 4.23334595 9.15274379
8.86248809 -2.92903224 1.61719609 9.4730274
-7.83888681 -6.65516743 -3.54787218 10.8778121
-3.30894168 0.33353112 -9.34012213 9.91454585
-5.61028428 -4.78405795 -7.11780332 10.248201
-7.33344368 0.31402463 -5.06247675 8.91665176
8.21435744 -2.85527963 1.17261795 8.77515372
4.70927568 -3.05643051 -7.4851794 9.35665301
-8.20320197 3.615481 -4.8317906 10.1838316
9.0004125 5.492266204E-02 1.61733199 9.14473643
6.78737359 4.18491405 -3.65380302 8.77110155
9.10387669 0.513031857 3.14102083 9.64415804
-8.26730895 5.79289021E-02 -4.74710052 9.53345249
-2.77877667 -3.26183264 -8.22215185 9.27172762
4.35844801 -1.39156724 -7.77834942 9.02414806
2.09519816 4.85416422 -6.92609452 8.71341213
4.86637039 6.94099113 3.21891104 9.0675414
-5.07762764 6.96679199 -3.403128 9.26821305
1.38571915 -0.959323425 -8.58550626 8.74936779
5.18035854 -1.89133549 7.16621104 9.04255745
-9.19307714 -4.05255188 3.97933808 10.806062
5.4314753 -3.33633549 6.74417334 9.27986705
-3.21948972 4.25916713 8.0369357 9.64872811
-7.02040808 3.72963381 -5.02465557 9.4044384
1.83888534 9.08085556 2.502113659E-02 9.26520712
-8.2408218 3.7528055 -3.46466973 9.69528903
6.57244747 0.851250171 6.2353967 9.09955299
-8.31536392 2.41472494 -1.2392717 8.74711198
2.4857879 8.46020535 5.35067061 10.3142567
-1.82972747 -9.00085868 0.537766209 9.20068216
4.25864684 8.25061197 -1.42032963 9.39287001
-7.790278918E-02 8.79607812 -2.66167348 9.19029732
-0.547507687 -8.88165121 1.95533938 9.11080924
-0.437575227 -2.19885685 8.50802966 8.79846647
0.704303232 -1.36541623 -9.02235346 9.1522274
3.29411173 -7.13327396 -5.25234963 9.45102884
8.29252706 1.84251574 -4.71974177 9.71786147
5.79514315 1.43433808 -6.27024065 8.6577669
-0.439768765 -7.39388651 -6.9096583 10.1294784
2.88120423 2.41593239 8.1906248 9.01245814
8.05370802 -4.57766882 -1.73426551 9.42469849
-3.48329583 -2.66438095 -7.64594466 8.81434884
-3.09203046 6.96242674 -6.96221737 10.320296
8.91628485 -0.835376748 2.05772365 9.18870048
1.21521766 6.87112005 -6.49195329 9.53071363
3.76858128 -8.69262961 -3.278889054E-02 9.47444402
-2.90134771 -4.82477105 6.63745466 8.7035647
-4.6752346 -7.31638927 -3.31600616 9.29425991
5.82201374 5.83229033 3.67724476 9.02405583
-5.26670441 -7.79686686 0.329709348 9.41477649
-3.54158138 -3.53617921 -8.15689006 9.56985985
-8.14400728 1.11276979 5.06648342 9.65569083
0.637590285 -6.31209519 6.58836597 9.14634535
-8.37614379 -5.01037978 4.80234192 10.8777837
-1.03565887 0.980867749 -10.0638711 10.1644573
-1.25394535 -1.33890407 -8.90771186 9.09463434
-9.30465384 -3.81371281 2.2947763 10.3144068
-6.04996483 0.970835018 8.75882257 10.6893203
-0.824323859 -1.376532 -9.294405 9.43187757
4.26002155 6.18101426 5.78113928 9.47492967
10.2805585 -3.520352451E-02 3.29781874 10.7966074
-3.13826959 -7.65664581 -4.46485952 9.40254921
-0.169471416 -9.25407155 -1.66356324 9.40393553
-7.21692599 -2.41874661 4.85038221 9.02555059
9.44851974 -0.670992098 1.15036406 9.54191245
7.04486147 3.18669586 4.88624858 9.14661297
4.74880211 -6.46581195 -6.81803735 10.528223
-4.45396342 7.71031517 -1.52236648 9.03351259
-8.271041 -1.35615546 -3.45657262 9.06626556
-2.81239799 8.17073471 4.20617399 9.61053525
-5.2871213 -0.118455912 8.86271619 10.3206309
-2.67057261 -4.53382521 7.05520525 8.8013323
-6.0739086 6.85697952 -0.998449702 9.21452308
0.542971799 -1.14154844 10.6311415 10.706032
-0.594007795 -1.94470895 -9.57305299 9.7866277
-7.92186776 -2.14090503 -3.56197767 8.9457894
-6.98193463 7.02654044 1.42030666 10.0068453
-8.42668919 0.385048978 3.59467307 9.1694617
1.29013528 -2.50092694 9.20790547 9.6283232
-6.23469652 -8.10710164 3.51782743 10.8153432
4.23205002 -6.26786922 -4.28747379 8.69361049
-3.66679791 6.51042466 -5.00260387 8.99205659
3.50721537 -0.142184489 8.08929861 8.81802291
-2.38322516 1.54963457 -8.27350136 8.74825436
6.41561522 -5.99479697 1.84870362 8.97303819
3.24243996 2.67817094 -7.8978406 8.9477317
-5.47735365 -5.8471562 -4.27139865 9.07939894
7.89961207 -2.99878199 3.87424185 9.29549967
-8.15070349 4.55906547 -4.89220258 10.5428977
7.06549008 -1.82290068 5.06196238 8.88074209
-2.77456197 1.89178343 8.44304652 9.08636744
1.87178415 -9.88747588 -2.04771161 10.2693173
4.3988287 1.56029859 7.69861524 9.00293853
-4.45840169 -9.66198552 -0.828280855 10.6732075
-5.02888168 3.22932863 7.12479017 9.29950801
-5.74020218 -7.41220975 -1.13139376 9.44303056
2.63992201 7.55689061 -4.00580447 8.95110347
2.56243002 -8.29953842 -1.45844238 8.80769208
3.12098845 -5.69168793 -8.17236455 10.4366385
-3.27098009 -8.46820485 3.51196813 9.7336388
-8.27612957 -1.08392733 3.88688495 9.20744773
1.04834128 -7.01123686 -6.10310186 9.35437406
3.22435706 -8.54918795 -0.353077249 9.14383708
-6.36748584 -5.96653316 2.91449845 9.19992908
0.500551481 2.35322074 -10.2238888 10.5031472
-1.24417715 6.55142576 -6.99170758 9.66194241
3.1826184 -7.41057215 -4.33905431 9.15822208
-2.62524387 5.34159568 7.49836369 9.57340106
-0.241136272 8.23381571 4.48017898 9.37687963
8.3820244 -2.95060863 2.55351802 9.2458033
-9.46675615 -4.69573507 -2.02829508 10.7602686
-3.3765551 -1.0679598 -8.88472408 9.56451695
-6.60778805 -5.12420364 -6.27329052 10.4534444
-8.00427875 -1.29826298 -4.77240275 9.40902722
7.63148145 -4.67617705 0.720729437 8.97917546
4.27725508 -5.56097779 -6.65628302 9.6708577
-5.653123 7.76670537 -4.91541197 10.7907732
8.34398655 -2.60743115 -1.14835215 8.81700184
4.1753712 7.70324611 -3.38240104 9.39225011
8.97702628 0.908352262 2.40487299 9.33785408
-4.67979766 -1.00706711 -7.93997462 9.27134765
-3.78234384 -6.22486854 -5.39206472 9.06253139
3.65380599 -1.6915318 -8.29986341 9.22492876
4.09078601 4.58941933 -7.16793022 9.44333223
5.11265351 6.52807437 3.56478747 9.02566843
-6.71266274 5.60914439 -2.94526829 9.23021923
1.84644908 -2.9357938 -8.12088869 8.8304639
6.7196526 -2.77676083 5.12518856 8.89559945
-9.28612268 -1.29777158 2.83305701 9.79502412
4.53543079 -4.55821347 6.72571455 9.30498139
-1.14127861 6.33134302 6.88500802 9.4229378
-7.64014013 2.00427877 -4.91975393 9.30552811
3.82247201 6.52923405 -5.49334838 9.34981636
-8.5283209 -2.80082738 1.76812912 9.14894376
7.28284161 0.598733661 5.89401285 9.38816549
-7.22402575 5.02992884 -1.53853166 8.93609601
-2.93600875 6.71197001 7.96863397 10.8245007
-2.705572 -7.84312427 -2.33332829 8.61853463
10.0448107 -0.387141455 -2.63446098 10.3917508
-1.29976239 7.47677219 -5.45227735 9.34445466
1.41964296 -9.20496122 1.29913081 9.40395864
3.01837455 -1.24758415 8.61518347 9.21349214
-1.5960323 -3.60716364 -8.28640387 9.17733282
4.2854079 -6.53652675 -4.08985097 8.82143887
4.27592527 -1.84404728 -7.97819291 9.2377275
7.55275702 2.68652733 -4.93259235 9.4123342
-2.28706665 -8.63891453 -5.53040253 10.5093706
2.57831156 2.91948144 7.82594088 8.74164819
8.96623791 -1.44851462 -1.29843357 9.17483224
-0.270337415 -3.21856425 -8.93283019 9.4988259
-5.4228411 3.21496612 -7.70203435 9.9531174
9.25151558 0.756749267 2.03125515 9.50206333
0.193341732 7.01010967 -5.82390328 9.11574836
2.04008015 -8.65967476 0.337821389 8.90314648
1.64635288 -5.4933076 6.95540902 9.01468917
-4.1957144 -7.26045887 -3.15914252 8.96094101
6.01024558 4.30937582 4.41231589 8.61175379
-6.27787731 -6.28612531 -0.818564805 8.92172424
-3.51158392 -4.8049683 -6.84717937 9.07208947
-7.39176305 2.38771375 4.23306183 8.84636368
1.62061953 -7.19832343 5.97212336 9.49255104
-7.28332291 -2.67927846 6.77011942 10.2985359
-1.88408369 2.4064293 -9.24170979 9.73395465
-1.32919615 1.07705819 -9.48281693 9.63590337
-9.16883886 -4.28070034 2.66595807 10.4641929
-5.6840491 2.04680609 8.51027778 10.4366018
-1.09738019 2.66035916 -9.16476271 9.60596843
7.14355808 0.901694816 5.92575888 9.32513238
8.27914254 -3.93067479 4.33271212 10.1373961
-0.618028318 -8.59353393 -4.01327822 9.50458766
2.89040697 -0.802612695 8.74855022 9.24855505
-5.90520143 -2.30360637 6.38130606 8.99439121
8.56333171 -2.46256304 -2.18020767 9.17323128
6.49389263 2.27013127 5.45942721 8.78233926
5.49825108 -5.73889475 -6.85070922 10.4927544
-4.52562147 7.15330339 -2.90554491 8.94947989
-8.32963889 -1.99178324 -3.10499284 9.1099432
-2.38392009 7.4976619 3.52109642 8.61952023
-6.17194509 -5.09282731 5.05468627 9.46465264
-2.66217103 -6.1216352 7.03150723 9.69554877
-6.01046291 6.7779331 0.253709983 9.06258298
1.75349583 -2.58261545 10.6741512 11.1212479
-1.1897662 -2.13728804 -9.20171395 9.52129631
-7.80866297 -3.20411183 -3.29464387 9.06069689
-6.63956393 7.75936157 0.474281841 10.2233284
-9.07639538 1.13663542 1.77336803 9.31760309
-1.20958158 -2.36145062 8.87577273 9.26384791
-6.65103401 -8.17722737 1.80830396 10.6945437
4.53682074 -0.119294246 -7.76008679 8.98976755
-2.94752215 7.54719822 -3.76801278 8.93565935
4.58634515 -0.733126474 8.16038035 9.38956036
-4.93518989 1.96131843 -7.89200919 9.51244859
5.6608298 -7.09547542 3.25695771 9.64357501
5.33980877 4.99741091 -4.90772303 8.80757735
-6.39288375 -3.71624954 -4.85085584 8.84365737
6.5674375 -4.85205676 3.93749091 9.06518201
-8.17082834 4.34618561 -3.96084139 10.0667785
7.45221337 -1.84422285 4.49133208 8.89430749
-3.06647897 2.84555143 7.816223 8.86531433
2.85381335 -10.0792776 -1.94914 10.6552913
4.03743639 0.124086787 8.27307749 9.20652493
-3.69560772 -9.35239551 -0.914393937 10.0975707
-5.54631434 5.64531146 5.76843206 9.79315846
-6.97584975 -5.79580351 6.297604982E-02 9.06960771
2.76621642 7.08251294 -5.34871165 9.29637882
6.48639686 -5.73096093 -2.64012537 9.0491723
2.90910933 -5.4486409 -8.61595686 10.6011941
-4.63382801 -7.27822973 3.04037214 9.14816117
-7.02777739 -0.231921395 5.60810216 8.99412321
1.60386701 -7.65936495 -5.09330725 9.3370252
3.77763243 -7.59840788 -0.833899718 8.52652906
-7.46912694 -4.41872541 3.69066318 9.43048176
-1.79467884 5.94031243 -8.24293168 10.3176599
-0.751825372 7.41371471 -5.93141339 9.52418354
3.93661581 -7.77140371 -1.90797192 8.91807247
-2.81569302 2.13565144 8.35746676 9.07393987
1.47671228 7.62298379 4.66528819 9.05844771
9.07422924 -2.42047688 1.95607793 9.59304881
-10.1749315 -1.63923889 -0.898376577 10.3452122
-3.83450288 -2.72681583 -8.47034725 9.68946435
-6.26777569 -5.32434055 -7.01739392 10.8109866
-5.37852474 -0.160824448 -7.58109129 9.29663046
7.08159441 -5.06110143 0.980177708 8.75925085
3.81095543 -4.24812397 -6.52121763 8.6658074
-7.20307768 4.32285971 -6.23515855 10.4617707
8.70985246 -0.923164707 -0.764088571 8.79190504
7.37880751 3.48102389 -3.61932809 8.92546152
8.34274967 2.37352542 1.77493704 8.85355841
-3.62567138 0.748450882 -8.23969547 9.03317514
-1.96828396 -8.16897211 -4.40094461 9.4854921
3.1381602 -2.69624079 -8.3378318 9.30791077
2.26265996 4.12589049 -8.03912407 9.31504794
4.71723201 7.13888586 3.70652559 9.32492902
-6.52046957 6.13197458 -2.4922766 9.29134426
1.71630828 -1.40590013 -8.75726592 9.03393468
5.82072638 -3.87378582 5.22201212 8.72676817
-8.7658781 -1.0201877 4.13475556 9.74564545
3.21750978 -4.09440865 7.52670156 9.15247441
-3.93186093 5.29159315 6.61809846 9.3412909
-7.65096327 2.09456738 -4.39808821 9.07015057
2.93894697 8.62484078 -1.18430406 9.18846363
-4.29015826 8.11869813 -4.35594274 10.1633141
7.14160824 -0.855455198 6.13605432 9.45439233
-5.46476193 4.76314836 -4.95831495 8.78271554
1.28011982 9.13104297 5.5039802 10.7381772
-2.80517144 -9.00715871 0.895707988 9.47629609
9.78172888 -0.927381542 -3.999239 10.6083066
-1.68555385 7.1492831 -4.87619036 8.81649437
1.63828241 -8.43933833 2.44924245 8.93897026
1.11551431 -2.45005994 8.5534094 8.96704959
-1.25986152 -1.26883433 -9.3494864 9.51893311
6.62419935 -5.98266239 -2.54689123 9.282183
6.11350451 0.354388131 -6.15725897 8.68402939
7.65482281 1.14165561 -5.19373284 9.32065183
0.813305906 -6.85530756 -7.6498634 10.3042282
3.1338481 3.05298889 8.48326645 9.54502775
8.20362535 -3.83051154 -0.716344031 9.08214932
-2.57052062 -1.33775453 -8.68663354 9.15722478
-3.16500271 5.33920243 -8.24296082 10.3184654
8.67918613 -2.25191589 2.62997997 9.34431334
1.03644562 6.9185191 -6.26457541 9.39068853
0.38692614 -8.8656176 0.130615627 8.87501818
-0.703997606 -5.71268378 7.28711825 9.2861435
-4.11464696 -7.19560166 -4.24065386 9.31075443
4.56979235 6.39483991 5.10530541 9.37235952
-5.83912629 -6.60531055 1.51991001 8.94626456
-3.94113021 1.54302668 -8.87725281 9.8345847
-6.93499119 0.602955626 5.58785058 8.92646248
1.92018023 -5.38603746 6.66325621 8.78040289
-9.34726271 -3.31868532 4.83038232 11.0325693
-0.532681072 1.23259711 -10.1288375 10.2174553
-2.02526812 0.411385964 -8.85615716 9.09408978
-8.97920734 -3.86416327 3.09946644 10.25498
-8.94033347 0.350687737 6.7452154 11.2049308
-1.58163016 1.42420793 -9.49019312 9.72592863
5.78832797 0.640851967 7.34883367 9.37660857
8.98588921 -2.30812627 4.33990122 10.2424799
3.999034438E-02 -8.72941192 -3.75740296 9.50380496
2.75223895 -3.87796653 7.54114722 8.91528715
-6.80272693 -3.54335353 3.9082631 8.60854043
8.57482201 -1.2346908 1.21188116 8.74761052
6.35734635 3.39573035 6.07658894 9.42718252
5.87098083 -6.59031687 -5.92463172 10.6302377
-5.37036159 6.53147361 2.32184459 8.76880229
-8.14740928 -1.6840407 -3.61656109 9.07170244
-2.47225004 7.67878307 5.01643017 9.49948953
-1.05317126 2.38094787 10.4905544 10.8087841
-5.1954919 -2.87493828 7.123191 9.27352448
-5.86613595 7.064658 0.865048606 9.22329944
2.13959574 -3.1158442 10.7103915 11.3577657
-0.442744752 -0.920617415 -9.42886992 9.48404699
-5.94226978 -5.06937659 -4.26142533 8.89769043
-5.74662722 8.69336082 -1.83488985 10.5813547
-8.39245378 -0.180208602 3.13552632 8.96087501
0.799721625 -1.9461436 8.49118492 8.74798553
-6.4269002 -8.40380373 2.06039733 10.7784136
6.72066629 -3.85732394 -4.19311185 8.81070317
-3.660629 6.6483213 -4.84058328 9.0017569
4.41491442 -1.05494891 7.70497208 8.94264957
-2.61632319 1.21123072 -8.41461013 8.89482381
4.7384177 -7.64488824 1.47618319 9.11460561
4.58809688 5.55959325 -5.3231112 8.96076018
-5.83112876 -6.87373004 -3.48854551 9.66541138
6.9973521 -2.87343405 4.78258609 8.94945191
-7.95160918 4.08643187 -5.50301227 10.4981026
7.45893242 -2.39135793 4.71767787 9.14389141
-2.30941891 2.40772229 8.46683583 9.10043137
2.68232495 -10.4525836 -0.633209155 10.8098253
2.0317359 0.770590598 9.01700654 9.27513707
-3.60995957 -9.66405683 -0.483720991 10.3276226
-4.85796449 4.89795244 6.23340635 9.29758634
-5.65284985 -7.58788127 0.219773508 9.46461589
1.47800992 6.49979806 -6.07341455 9.01766336
6.58317987 -5.87996903 0.783654142 8.86151267
3.37502753 -4.90057685 -8.80096366 10.62372
-2.85790957 -7.50635319 4.42855591 9.17197322
-7.3855546 0.935180017 5.95507041 9.53330174
1.84588392 -8.21190096 -4.98596243 9.78276168
7.2772554 -5.44545902 -1.35728879 9.18986958
-7.70452786 -3.07250518 4.11996836 9.26143492
4.79398392 3.15279191 -8.93371686 10.6176116
5.879020109E-02 7.45828104 -4.91387132 8.93171561
5.18893717 -6.40510351 -3.485229 8.9497062
-3.75256245 0.115984599 8.38010402 9.18266414
2.12094344 6.24655387 5.22988922 8.41840707
8.82060024 -0.980139332 1.17371932 8.95216615
-9.67452937 -4.72632002 -3.78801106 11.4141862
-3.39309776 -3.04705598 -8.32389299 9.49130429
-5.17654054 -3.24003436 -8.90320966 10.7963668
-4.6736513 2.74487796 -7.44202458 9.20657924
8.95000344 -2.38910446 -2.01116668 9.47919686
2.76182057 -1.21552325 -8.57272424 9.08827544
-6.7207343 6.23792653 -4.55359571 10.237931
9.41794436 -0.625399605 0.490062388 9.45139999
6.68146851 5.39146038 -4.13371602 9.52877088
8.56586683 1.40140742 0.230695877 8.68281278
-5.64260765 0.979397966 -7.45572923 9.40139031
-2.80762459 -5.71003559 -6.60893254 9.17416218
5.24194496 -0.912399895 -8.13077405 9.7169927
2.66226368 4.48550735 -7.43940115 9.08581937
3.06165683 7.51881682 3.46025813 8.82494959
-5.53604013 7.66135568 -0.87313241 9.49244285
0.960113347 -2.47373346 -8.54891553 8.95126424
5.18343109 -3.10674665 6.65445948 8.98897455
-9.61028661 -0.716050091 5.0008159 10.8571864
9.65023618 -3.23979232 -0.884303319 10.2178914
-3.79521241 6.17127034 5.59119763 9.15148653
-7.3434992 1.32592972 -5.13638152 9.05911062
4.66527585 6.23009774 -5.19048252 9.35521381
-9.05330549 0.824430091 -2.11043627 9.33252198
5.5525439 2.63865241 6.47052681 8.92529817
-8.44508382 3.29084974 -2.02843195 9.28782369
0.743616097 8.32377064 6.5063187 10.5910484
-1.83966488 -8.6637718 2.68852868 9.25599779
8.22247205 3.2262584 3.13689077 9.3732531
-0.535351209 7.47417962 -5.75490889 9.44822408
2.76976229 -7.18895407 4.86974366 9.11411252
1.87804955 -1.30369013 8.65018536 8.94719983
-1.63926346 -0.988413124 -8.82949162 9.03460389
6.34821001 -5.8901514 -3.36719673 9.29148361
3.61224067 1.49675247 -8.17141412 9.05872835
7.51171415 1.41264154 -4.23144994 8.73650812
1.59881942 -7.54775108 -6.98534695 10.4076819
0.764024766 2.50128422 8.27923053 8.68250049
7.32308764 -5.57934065 -2.67342066 9.58664867
-1.58421418 -2.96027272 -8.46613408 9.10759987
-4.83603696 3.58699891 -7.50366522 9.62074874
7.97922551 -0.486221417 3.41640051 8.69345981
1.32627902 6.95543854 -5.47365 8.9497478
3.70610369 -8.56678008 7.269560101E-02 9.33435644
-0.556186558 -6.84768582 5.6368783 8.88676215
-5.49626259 -7.12799358 -1.20891821 9.08177726
5.23863403 6.18966166 4.79724746 9.42171859
-3.3834334 -8.00022495 3.02083748 9.19655805
-2.35591283 -4.42049499 -7.68505392 9.17339386
-7.57718163 2.27771142 4.24502958 8.97897137
0.524843427 -6.28533592 6.47666728 9.04036102
-8.30769806 -3.29201371 5.17288843 10.3254044
-0.709022807 2.5807933 -9.62211434 9.98740666
-2.35711846 1.54413416 -8.49384693 8.94906662
-9.97434024 -2.95255931 2.69911991 10.7466422
-4.44374347 2.22623564 8.88749897 10.1828591
-1.74741076 0.757188244 -9.32070611 9.51327183
6.32922986 1.95695432 6.5576404 9.32155933
9.51467884 -1.56939954 5.08646543 10.9024887
-2.13658569 -7.15468497 -5.10822197 9.04701316
1.55404347 -4.67200443 7.92199137 9.3274125
-7.85647675 -2.35287485 3.87230054 9.06945193
8.99037859 -1.10418062 -1.33135713 9.15525171
6.43709055 2.19841503 6.30947503 9.27785743
6.15559273 -6.89315327 -5.5239986 10.7666821
-7.17203392 5.41562008 -0.848879187 9.02704865
-7.68096895 -2.31062144 -4.38746373 9.14254305
-6.17511074 4.87891945 4.89677065 9.26899188
-3.47969273 0.226650382 10.1698812 10.7510983
-10.2824604 -2.21334478 -1.49584708 10.623815
-5.93886202 7.42567778 0.85020322 9.54639294
2.11744914 -2.11641568 10.2546356 10.682713
0.585583185 -3.30380345 -9.05607885 9.65766996
-8.07670259 0.332577942 -3.89852134 8.97453071
-6.42524497 8.26130099 -1.00894492 10.5143158
-9.11694439 1.67468519 1.07262913 9.33133317
-1.9032871 -1.98153088 8.51835694 8.95049559
-5.00524397 -9.51959993 1.21340752 10.8234749
5.79356859 -3.6569827 -6.44357812 9.40524632
-4.94790008 6.28889602 -4.73584304 9.29839436
3.58629427 -0.70234777 8.68398759 9.42159431
-0.225369712 1.44209798 -9.75732887 9.86589605
5.94154789 -7.02126405 -2.01641029 9.41626522
5.24903605 3.42947496 -7.27169073 9.60162299
-5.93871312 -5.40197949 -4.72518477 9.31542093
7.30740306 -2.71014825 5.05369682 9.28885862
-9.1456627 3.28512454 -3.9981799 10.5081222
6.29468861 -0.79374917 5.75644264 8.56678319
-2.64957551 5.04663521 7.38530206 9.32906554
4.6008662 -9.18795978 -1.97294794 10.463226
4.43669047 -8.217817587E-02 8.02595649 9.17098431
-3.04905602 -9.66022119 0.363704944 10.1365131
-6.24587827 4.06914404 5.9018531 9.50793346
-5.715861 -7.04943935 0.843139148 9.1146336
3.01776654 7.41887536 -4.53539797 9.20415456
6.00693204 -6.38300384 -2.84276793 9.21451572
2.93864527 -4.11823426 -8.98050877 10.3075228
-2.77986542 -8.45739613 2.54421307 9.25895357
-7.43838893 0.648877606 5.73108123 9.41254291
1.62967874 -6.74240196 -6.2509143 9.33754607
4.5515942 -8.11078332 -1.89951236 9.49262677
-8.00613083 -3.16559523 2.51279488 8.9684593
0.429586967 1.33382301 -10.3307883 10.4253928
0.406518707 6.99119835 -5.4419114 8.86885063
5.04544177 -7.45908389 -1.93198797 9.21015704
-4.66350623 1.33498014 7.62217439 9.03482179
-0.728307834 7.79745454 4.58895028 9.07684935
8.34956131 -1.54807381 3.87495001 9.3341815
-9.6493451 -3.44826606 -1.53445624 10.3612237
-2.74409486 -4.66008607 -7.39635505 9.16256115
-7.65111406 -4.72891704 -6.58296299 11.1461924
-6.95756744 -3.63653048 -4.55654688 9.07712609
7.98548836 -3.85767963 0.816674227 8.90599087
-4.3430345 3.29358197 -7.7833656 9.50212665
-6.86824636 0.589579188 -6.62898815 9.56367584
8.63458249 -1.56035686 -1.68689859 8.9351192
7.39931078 4.98182393 -2.27791207 9.20637025
8.52874123 -0.564700288 3.11154432 9.09615421
-5.43435652 0.851403106 -7.78771306 9.53444244
-1.47750065 -4.9524006 -7.76110217 9.32437594
3.50452911 -2.15591668 -8.55568189 9.49365018
1.62546734 3.87460687 -8.11877783 9.14162327
5.45636953 6.44667608 3.42015548 9.11202856
-4.74807811 8.4386889 -0.743148822 9.71122991
-0.176528343 -1.60104671 -8.99494262 9.13802526
5.09743145 -4.82791942 5.97251476 9.21756724
-9.55658982 -3.86223351 2.46974098 10.5992866
4.92057521 -1.92579828 7.80333698 9.42405579
-4.80742329 4.44480357 6.19047361 9.01052501
-7.02015006 2.29984242 -5.24920287 9.06233484
2.52722134 8.13039639 -2.45020286 8.85966632
-5.47776256 8.4192419 -2.53358538 10.3589851
6.42402269 1.11389925 6.23068136 9.01832741
-5.92147694 5.78244243 -2.73385614 8.71633518
0.490925967 -0.169224342 9.65029661 9.66425733
-8.76116768 -2.60074113 -3.42807175 9.7608191
7.47119816 4.38441771 2.34667698 8.97489908
2.21216698 7.24386495 -5.34865261 9.27228919
0.753829003 -9.42602055 -0.334099395 9.46201585
-1.34529376 -3.16961862 8.46459092 9.13813969
-0.80468579 -0.933413892 -9.1356603 9.21840929
3.8547694 -7.25844058 -4.00979235 9.14454162
3.86669493 -0.449276035 -8.40449446 9.26221927
7.24974326 1.41760385 -5.53792731 9.23238955
-3.01061867 -7.79193838 -6.02590133 10.2999813
3.6084703 2.8577396 8.13907414 9.35052199
8.18625206 -4.00076711 -0.499896376 9.12528118
-0.322832718 -3.0829278 -8.54521259 9.09006727
-3.59659836 2.77669832 -8.8565761 9.95412043
8.42888963 -2.07961705 2.57441945 9.0553091
2.51499145 6.29863685 -6.5949261 9.45997137
5.12731917 -7.51758396 2.14790008 9.34970295
-3.507200673E-02 -6.59201007 6.63198437 9.35088464
-5.08112528 -6.84018698 -1.88893106 8.72777478
4.6391179 5.67905232 5.8501877 9.3807114
-5.01140351 -7.20358031 1.02875745 8.83538773
-3.4236609 -3.65750608 -7.82052147 9.28759177
-7.22278558 1.54972847 6.17372298 9.62731246
1.30618457 -7.06044442 6.10543013 9.4250873
-9.13917669 -2.93600476 3.3805451 10.1770703
0.138828831 -0.210207076 -10.0153167 10.0184843
-3.13641592 -2.17420558 -8.46723382 9.28753591
-7.7051604 -5.38548048 4.11350176 10.2612764
-5.86208791 2.15249834 8.5052934 10.551651
-1.30535494 0.654346262 -9.67400568 9.78358352
7.03733312 2.19315436 6.29587245 9.69391528
8.33917277 -2.68545519 4.70924498 9.94637926
-3.09813203 -7.02438387 -4.56735891 8.9331494
2.72880203 -3.0617992 7.70323648 8.72701708
-5.8274087 -3.5794118 5.73055339 8.92245051
8.84500632 -0.954017925 -1.98275868 9.11458277
5.69073831 3.30560797 6.54885269 9.28434263
5.05673068 -5.98037802 -7.10092971 10.5715963
-8.03059367 5.23909007 -3.080105825E-02 9.58850605
-9.19080897 -1.80154765 -0.867534089 9.40580453
-2.82484409 8.28401138 2.68766919 9.15577165
-5.01945826 1.75345102 9.11198682 10.5497799
-1.0973285 -4.59637735 7.56387221 8.91868698
-5.50889396 7.67374439 0.347635161 9.45278349
5.52124859 -6.24462925 6.41281014 10.5168301
-0.82247919 -1.57182024 -9.52880088 9.69252997
-8.49904252 -1.18548418 -2.50755666 8.94018662
-6.03628354 8.14865389 -1.79144997 10.2978916
-8.32306329 0.794152437 2.77834653 8.81040692
-0.304505756 9.434743922E-02 9.64278315 9.64805121
-6.56443806 -7.89426775 3.11919491 10.7303629
4.25825939 -5.75565818 -6.14506007 9.43515434
-5.42342082 5.91053002 -4.51823543 9.20664487
4.07854539 -3.09273683 7.81012454 9.33796546
-2.48376587 1.48830266 -8.68574154 9.15566731
6.52721639 -5.39862513 1.67491996 8.63452743
3.9433198 2.92713505 -8.34695063 9.68449665
-3.1608475 -4.32656515 -6.74509816 8.61431785
7.51277076 -4.38153026 3.85255294 9.51218671
-7.46144935 5.53959701 -5.12355678 10.6118422
7.94458684 -2.77634428 4.48500096 9.53623518
-0.714892307 3.83624042 8.20220696 9.08317183
2.71885267 -10.0555844 -1.12833758 10.4775991
5.31563257 0.390931366 7.76583428 9.41896804
-3.10430263 -9.34875055 -2.28756882 10.1128039
-5.74369551 6.37753966 4.59822067 9.73687238
-6.76286775 -5.85347972 -1.08943198 9.01035332
3.36450632 4.51770968 -6.59107951 8.67017489
5.20815841 -7.4858477 -0.935668954 9.16724092
2.43880648 -4.58523946 -9.1278444 10.5018923
-2.66183157 -7.14646409 4.94437901 9.08868418
-7.42289393 -0.119428655 5.58276013 9.28874739
2.43135345 -6.30757959 -6.53711157 9.4037688
1.5047443 -8.46530623 1.52959029 8.73300128
-7.3869363 -3.90667603 3.77626206 9.17001094
-0.752190609 2.09742767 -10.0898671 10.3329769
-0.134551775 7.56159113 -4.93059912 9.02809904
4.22372704 -7.62441453 -2.32092763 9.01988204
-0.384899707 3.5442498 8.65012891 9.35599191
1.89886312 7.20464245 5.40997644 9.20762722
8.82074756 -3.19904976 3.40614291 9.98204971
-9.67896306 -3.56980722 -2.13094956 10.5340778
-3.58708291 -0.858565512 -8.71088562 9.45958915
-4.72679727 -2.96798078 -9.41562861 10.9455737
-7.8209416 -3.44876913 -2.92341566 9.03368668
7.68277443 -4.46727973 -0.253668207 8.89077942
5.01552832 -5.6213616 -6.04192875 9.65712864
-9.46542275 3.01946521 -4.22438031 10.7961469
8.70091332 -2.39836003 -1.67999806 9.18043664
7.83396852 5.38591264 -2.07728601 9.73109628
8.90582273 -0.903647671 2.63206239 9.3304882
-6.33813488 0.50748597 -7.25699828 9.64849831
-3.40721206 -5.98002691 -5.96157859 9.10550576
5.94479372 -1.93353757 -7.14797126 9.49592718
2.47438307 4.25619216 -7.88709956 9.29753101
6.71977155 5.78446584 4.38432754 9.89129429
-5.39038907 6.93263385 -7.788086276E-02 8.78201411
1.61115603 -4.02546752 -7.72957414 8.86264796
6.26846699 -2.86699697 6.17033565 9.25129137
-10.2136012 -0.64341066 3.04467206 10.6771557
4.57241811 -2.31943936 8.0569545 9.54993833
-1.49150416 7.62528045 6.08509832 9.86903785
-8.31999119 1.28112672 -4.66501709 9.62423626
2.99751233 7.76745409 -3.66029965 9.09484561
-5.79747615 7.68950755 -2.53588855 9.95841286
6.22091468 1.44944215 6.80360232 9.33218444
-8.35616746 2.93454084 -2.23717601 9.13466042
-2.08219569 3.83300919 9.05361568 10.0496495
-2.36213956 -8.42929448 2.11647342 9.00622943
6.54464087 5.77831393 2.73300885 9.1482552
0.597573291 7.75369161 -4.36878769 8.91981689
0.292055521 -7.35732697 4.98057928 8.88941654
0.302410164 -3.01076554 8.94849502 9.4462545
-0.118717766 0.882899336 -8.74966358 8.79489727
5.64733642 -6.61371478 -2.79563261 9.13505301
5.8029299 0.647091305 -7.63334913 9.6104496
7.41191349 0.944929679 -5.81738253 9.46949276
-0.950621834 -4.84337396 -9.0510041 10.3093466
2.85281064 3.09791036 7.55709324 8.65131409
8.31017614 -4.62251867 -0.156792328 9.51058831
-2.10896946 -2.75996784 -8.23179023 8.93462618
-3.85348452 4.26499203 -8.52883325 10.2849646
7.62599838 1.85078058 3.89584322 8.76121193
1.62465427 6.27603692 -7.05168867 9.57885453
3.91299135 -8.37524043 1.21593059 9.32387477
-5.75875198 -5.69598754 4.14302943 9.09792236
-6.11049687 -6.84426721 -1.80364452 9.35068442
5.15720791 6.07778477 3.48647512 8.70010172
-4.44822387 -7.40155306 -0.206869048 8.63785147
-3.03072802 -6.12932887 -6.09972988 9.16300657
-7.14887401 1.1206951 5.38784363 9.02170804
-0.834795097 -6.56348268 6.69809533 9.41491736
-8.98222675 -3.97329722 4.70343918 10.8898957
-4.55980852 -0.654710033 -8.57974914 9.73820283
-2.21952137 3.09699825 -8.93464477 9.71316377
-8.40589382 -5.37620322 3.18067332 10.4727883
-8.2597116 1.18896329 6.56404941 10.6171189
-2.79103187 -1.84170312 -8.72530873 9.34412873
5.97257567 1.83909113 6.62366001 9.10641468
6.79847371 -1.24631095 6.61706466 9.56859867
-1.78834436 -8.78053553 -2.1724662 9.22038986
2.07106778 -5.54560098 7.40615054 9.48124875
-6.8180924 -2.45974934 5.38803746 9.03148374
9.02727401 -1.27538701 -0.788863855 9.15098871
6.60098093 2.37126686 5.64693301 9.00464925
4.08506767 -6.62407586 -6.647722 10.2351535
-5.90937079 6.6671939 5.757602319E-02 8.90929024
-8.22718939 -1.19711573 -3.72498893 9.1101742
-1.56293558 8.17286395 4.5764136 9.49642218
8.878061302E-02 1.16876941 10.3873303 10.4532548
-4.28838934 -5.92377325 5.80857479 9.33921376
-6.19795567 6.94627275 1.16396577 9.38190684
7.78107758 -4.60817111 1.9508138 9.25127471
0.12263661 -0.606958246 -9.29590947 9.31651066
-8.25331238 0.117910459 -3.65493566 9.02716029
-5.90533845 7.21831303 -3.55572573 9.98099447
-9.06287042 8.465262397E-02 1.34779358 9.1629326
-0.608270777 -0.65685475 9.39942578 9.44196253
-7.25837732 -8.05390294 1.30950773 10.9208152
4.42362401 -1.60533867 -8.13670727 9.39955142
-2.75062476 8.2878763 -3.27822467 9.32746413
4.61630769 -1.42780647 8.13651704 9.46318326
-2.07358824 2.19047905 -8.62543514 9.13761993
5.99671545 -6.90173156 2.35441776 9.44128051
3.93893304 3.13495656 -7.7531793 9.24418387
-2.07548022 -5.05394699 -6.86310206 8.77223849
7.20124558 -4.09040204 4.32447304 9.34293283
-8.33404541 4.81078208 -3.99966218 10.4209997
6.81993151 -0.653436876 5.58313579 8.83797776
-2.06833113 3.90591606 8.00397248 9.14318048
1.50478058 -9.99214641 -1.85898774 10.2743949
2.99484643 0.879126567 8.86662744 9.39994951
-4.70218542 -8.92469344 -0.35964646 10.09406
-5.27011175 5.71986388 5.10847365 9.30523636
-5.26201536 -7.36265352 -1.7135559 9.21052367
6.68704174 3.719906 -5.97693563 9.70968523
3.0639487 -8.48644458 -0.669313556 9.04740316
1.92877854 -5.71355742 -8.1702996 10.1547388
-2.18096402 -7.69834839 4.02632226 8.95725644
-7.14388476 1.1162658 6.26064808 9.56435325
1.60450679 -6.83824005 -6.35256767 9.47053774
3.69935223 -7.57307976 2.61829158 8.82565549
-7.61098377 -4.51052763 1.82927025 9.03427712
-1.99324993 2.75388338 -9.21316408 9.82035189
-0.147806121 7.48434312 -5.74317606 9.43511048
2.83732798 -6.83642401 -4.40269546 8.61225003
-0.891483498 3.03320245 8.93692194 9.47964312
0.196062521 9.07919924 2.12162965 9.32585716
8.61102407 -1.88045718 2.60698629 9.19142166
-9.60644381 -4.97140767 -0.183752741 10.8181524
-4.3819227 -0.148738798 -8.87896193 9.90249134
-5.97110062 -5.79984412 -5.50915496 9.98213518
-6.39837255 -1.20653315 -6.89294455 9.48196066
7.82117009 -4.18790216 0.833920443 8.91092865
2.87847277 -1.90221938 -8.98948492 9.6288568
-8.5771627 3.9213231 -4.03308374 10.2572052
8.81340775 -1.71896207 -1.53773401 9.11019279
7.64152436 4.1755629 -1.57624775 8.84945067
7.95470758 -2.19732982 3.7038176 9.04565619
-4.4363032 0.846670176 -8.32198586 9.46853131
-2.40794006 -9.21645335 2.94726777 9.97133767
2.46186804 -2.65196844 -8.48394032 9.22339278
2.29089249 4.30839919 -7.9070843 9.29152701
7.2537176 4.96487365 2.25529187 9.07484054
-4.42041958 7.76264878 -1.64015721 9.08234227
1.59827828 -3.80208993 -8.46444165 9.41579279
6.42724748 -2.44363759 6.34093708 9.35352115
-8.63795881 -2.84806346 6.36081518 11.0989084
3.5808284 -2.94142514 7.7912291 9.06518422
-1.56158307 6.43660865 6.89260439 9.55910393
-7.78342228 0.706602655 -4.42121331 8.97931383
4.15851783 5.95691353 -5.35708595 9.02643115
-5.60678912 7.98814734 -3.08377039 10.2350487
6.90374623 0.538716802 6.34808929 9.39415592
-5.71486046 5.40040394 -4.4256035 9.02274677
-2.92113486 0.13076162 9.64772374 10.0811061
-0.788351688 -8.29318379 3.30061107 8.96060429
5.79151738 7.3702342 0.688667437 9.39873866
9.845832689E-02 8.07385236 -3.20116412 8.68586424
2.37297435 -8.54759461 2.76854699 9.29285926
0.725557117 -2.7386238 8.90156227 9.34153651
9.919946829E-02 -0.12365404 -9.1599641 9.16133577
4.01678808 -6.05511253 -5.85200045 9.32978475
4.0659083 0.776482045 -8.46644027 9.42417878
7.22835822 0.634497785 -5.33452316 9.00604727
-1.42238985 -6.65750422 -8.00400481 10.5075995
2.1030242 3.39293022 8.7228897 9.59288752
8.95506032 -2.89750327 1.05095761 9.47064636
-1.01210119 -2.97503179 -8.49273056 9.05547543
-3.80216058 2.85200459 -8.51872959 9.75495305
8.89489041 -1.79130689 2.25982418 9.3506503
-0.116982383 6.7509419 -6.15079204 9.13351763
3.67902976 -8.46098685 1.46841493 9.34236591
-1.53619952 -6.3439299 6.46487191 9.18694315
-4.67311232 -6.90321487 -3.15481273 8.91320355
6.63110196 5.75362234 -5.92101013 10.5893363
-5.77234029 -7.46963917 0.105282716 9.44068356
-2.37484943 -4.91815972 -7.62079299 9.37575013
-6.55767253 3.35562769 5.41961354 9.1452456
-8.063274009E-02 -7.12103474 6.48834885 9.63401828
-8.42467263 -3.26247539 5.44781881 10.549767
-1.86070891 -0.431131914 -9.6517286 9.83890123
-1.05454369 1.26511238 -8.84923672 9.00119782
-8.39281371 -3.32055279 5.137983 10.3857721
-6.90722709 3.41678505 7.28511078 10.6045766
-1.05111303 2.37212009 -9.19155744 9.55073403
6.7459458 2.18106083 6.13525057 9.37582586
9.41109519 1.53109655 4.55423653 10.5666475
-1.44038055 -8.27015108 -4.32984397 9.44550919
3.7175626 -6.29153314 5.42652415 9.10224287
-6.49355439 -1.24011219 6.55154824 9.3073579
9.10774034 -1.19771594 1.92756661 9.38621173
7.05970096 3.23643218 5.24863712 9.37347654
3.37263123 -6.76087785 -7.0351597 10.3236419
-5.7924277 6.2621734 -3.02971434 9.05241422
-7.80805764 -2.4396805 -3.69191423 8.97485575
-1.94462202 7.54425727 4.62935995 9.0624691
-3.65006893 1.90511514 10.0103063 10.8239872
-2.51820368 -5.13599645 7.41954665 9.3685368
-6.27890708 6.29614463 -0.117457455 8.89268843
3.30814512 -4.41211393 9.02168367 10.5736157
1.48325158 -1.68138673 -9.17046496 9.44057859
-8.06305379 -1.28293621 -4.40740978 9.27814759
-7.78507352 6.14749734 -2.2074742 10.162285
-8.69809935 1.97062492 2.89251769 9.37587081
0.987342557 -0.362326817 9.03743219 9.09842331
-4.17211917 -8.41196198 4.16310683 10.2712775
4.34823798 -6.80947505 -4.87221962 9.43475744
-4.89072209 6.43651594 -5.06888932 9.541569
3.65823203 -2.02056296 7.74700676 8.8023548
0.382239424 0.687325711 -9.18850623 9.22210227
5.5634906 -6.85655288 0.452516706 8.84135264
4.40276959 5.12620465 -5.65743328 8.8129964
-5.34415283 -5.08285529 -5.20031834 9.02433921
6.84505108 -3.96904989 4.3010191 9.00593397
-7.30919657 4.8479576 -4.6635489 9.93356611
6.81913964 -1.56841238 6.05173187 9.25116433
-2.32583567 3.83212021 8.09088324 9.24970531
1.14853253 -10.1994641 -1.84702137 10.4287911
3.98626272 1.41240924 7.91841063 8.97699377
-4.66388814 -9.07135368 -0.940130461 10.2432981
-5.31939444 5.63879477 5.08533886 9.27106439
-3.73267678 -8.12208905 -2.11784507 9.18621109
3.88049144 5.89978685 -6.37932264 9.51637831
3.8789825 -8.38795767 -0.497196189 9.25481189
3.90013532 -4.65641542 -8.39970636 10.3657285
-2.94943469 -6.42617196 5.24394967 8.80305965
-8.14669392 0.936675228 4.22053749 9.22273923
1.62598983 -8.0664623 -4.75734176 9.50494385
6.04756479 -7.45627185 0.776446071 9.63181698
-7.48863709 -2.55848046 4.41882504 9.06374771
1.8330925 2.07144296 -9.90040842 10.2795521
-1.04670384 7.40383937 -5.08660153 9.04355801
5.3190379 -6.68927879 -3.15910194 9.11145104
-1.92618714 1.74751485 8.23198319 8.63305
0.860639238 8.70952027 3.74629423 9.52004011
8.64786633 -3.17785375 3.12815094 9.72983427
-9.17722566 -4.96507511 -1.65183782 10.5641852
-2.94774498 -3.33914102 -8.30761708 9.42632297
-6.15907591 -4.28957417 -7.84289992 10.8556779
-7.72075699 -1.39771425 -4.58389452 9.0871218
7.48075762 -4.09040121 1.95725738 8.74779818
3.75542897 -0.570751725 -8.27042637 9.10104151
-6.8704571 4.42871045 -6.27446754 10.3046397
8.84286336 -2.23605737 -1.67817248 9.27428961
4.40436836 7.98161835 -0.51876987 9.13092626
8.54337677 0.535541268 1.80674036 8.74873716
-3.21626161 -1.88779813 -8.42574281 9.2141881
-2.10405057 -7.10089054 -5.68940245 9.33910999
4.83120185 -1.57369566 -7.78432922 9.29584912
1.66958755 4.01129646 -7.74914665 8.88410353
