-1.45996005 -0.652000003 -0.811898279 1.79325574
-1.27165091 -0.922206419 1.4069198 2.10878734
-1.82759204 -1.19080894 -0.821657886 2.3309312
0.647486429 -1.1252622 -0.610091657 1.43445653
-0.407430638 -2.18133252 -0.847418158 2.37535867
0.155353552 -1.60292035 -1.39719125 2.13204872
1.26138348 -1.43576757 0.43651881 1.96037381
0.88543087 -1.34833669 1.40070989 2.13634919
1.08581114 0.520266974 1.39227998 1.84068115
0.834331385 -2.18169219 -0.22484924 2.34658196
-1.2984073 0.980624991 -1.17839718 2.00900643
-1.60049091 -0.460083081 -1.2149294 2.06138329
5.643511658E-02 -1.85469584 -0.595132557 1.9486570
-0.79654203 1.47441398 0.635418226 1.79224221
1.00246114 -0.593315566 2.17569272 2.46791218
0.709102715 -1.00474976 -0.441772905 1.30671804
-1.20823623 1.05744343 1.64121661 2.29599942
-1.27721026 -0.971705764 -0.790697846 1.78904478
-1.6031481 1.63462961 1.27813667 2.62216154
0.61743035 1.23269035 1.30245429 1.8966109
-2.325250739E-02 -0.415700684 -2.32987178 2.366780
-5.477130461E-02 -1.58228747 -1.76163469 2.3685418
-0.28791835 -1.2798691 -1.29435702 1.84291128
7.897614532E-02 1.47947358 1.13468055 1.866167
0.693192198 -0.594862478 -1.38060141 1.65542654
-0.885112418 -0.430161309 2.16015343 2.37375769
-1.41521935 -0.208830618 0.933440288 1.70814718
-1.27355438 -1.07152532 -1.68840571 2.37082709
1.83836948 0.334174356 -0.328413266 1.89713735
-0.15198745 -1.27733211 -1.69056635 2.12430979
0.462580036 1.52654624 -0.299540756 1.62297516
1.95201688 1.05527913 -1.10952282 2.48093225
-2.1502793 3.962347898E-02 -0.4739538 2.2022496
1.715189406E-02 -1.65159993 -0.782918487 1.8278506
0.936901119 1.3482196 -2.672048482E-02 1.64200907
-2.30397848 0.489863584 0.413185681 2.39144424
0.17389698 7.300186847E-02 -1.72342959 1.73371825
2.17235827 -0.627585365 -0.217445868 2.27162641
-4.883788785E-02 -1.98573837 0.480659436 2.043667
-0.427077563 -2.0432582 0.676546383 2.19431409
0.94590028 -1.61117116 -0.937980155 2.09055175
-0.708091153 1.39108386 -1.00905739 1.85868345
1.77397105 -0.400212511 1.19722984 2.17726953
-0.754776419 -1.65756101 -0.610754855 1.92099387
-1.97519115 1.40366647 4.56076502E-02 2.42357994
-0.28355255 -1.78672668 -0.695708209 1.93824771
-0.441061884 1.62376761 -1.33468676 2.14768377
1.784230136E-02 0.20042599 1.47676399 1.49040961
0.470602631 -0.338844317 -2.14697486 2.22391172
1.76240251 -0.168683745 1.1768795 2.12592619
1.03644473 2.00765926 -1.2035987 2.55999281
-0.180953774 -1.57366214 -1.83495235 2.42408889
0.180255305 0.168634181 -1.84068266 1.85715969
-0.198057204 -1.79929175 -0.268092044 1.82990459
-0.197547277 -1.37889921 -1.57127228 2.09982965
-1.69291846 2.671068206E-02 -1.06662477 2.00109339
-0.741920194 -1.19569328 2.07884679 2.51032507
-1.79436582 -1.26709885 -0.394317572 2.2317649
1.17056084 -0.291371119 -1.17955638 1.68714643
-0.465314181 -2.05248672 -0.710006034 2.22110954
-0.659751786 -1.65936243 -1.00763223 2.05038504
-0.109484342 1.64294015 -6.996823565E-02 1.64807
0.544971572 -1.40654583 1.08578375 1.85857245
1.42481066 0.83367799 0.893372936 1.87702413
-0.598929248 -2.41908475 -6.008943801E-02 2.492849
-1.77900719 0.42672613 0.351016043 1.86284031
-1.43908237 -0.523741181 -1.2417699 1.97161238
0.310840862 -1.91649774 -0.641442983 2.04475786
-1.09758013 1.12555592 1.24894754 2.00784168
1.41643012 -0.582171388 1.82501364 2.38240899
0.69242062 -1.30887298 5.132247463E-02 1.48163045
-1.31085369 0.788254211 1.30664116 2.011714
-1.21959588 -0.831959301 -0.982253898 1.77324367
-0.738329774 0.238907677 1.99254716 2.13832924
1.16248868 0.472652141 1.59118544 2.02648738
0.164724255 -0.114090173 -2.36565477 2.37412577
-0.30347102 -1.8397121 -1.65783833 2.49500765
-0.65282087 -1.57463215 -0.68098126 1.83558628
1.74662438 -1.20936565 0.787999614 2.2658785
0.829697521 -0.467313394 -1.26307633 1.58181592
0.556300811 -0.990638462 1.74496478 2.08224332
-1.00883238 -0.873051911 0.964358185 1.64619231
1.63522987 -1.54541719 7.593747371E-03 2.24996637
1.61042276 0.497129351 -0.883854917 1.90310235
2.06225411 0.685107213 -0.706200732 2.28494713
0.742804046 1.23431065 0.401915625 1.49559914
-1.51803424 -0.505946519 -0.475411021 1.66925896
1.58285081 -0.868338342 0.596979324 1.90152898
0.442861377 -1.68615657 -0.428271026 1.79517861
0.652846247 1.40832819 -0.603160375 1.6653525
-2.16799096 0.369691671 -0.127759981 2.20299327
0.244829367 -3.210009158E-02 -1.93064944 1.9463758
2.24680834 -0.290878233 -0.138502703 2.26978873
-1.46381335 -1.45011185 0.185119488 2.06877817
-0.694873783 -2.07431627 0.456869976 2.23480821
-0.964950565 0.328365444 1.67636197 1.96192327
0.900722164 -1.44107645 -1.8755376 2.53093719
1.28448748 0.790028784 0.87471893 1.74332635
-0.887175944 -1.5364298 -0.743994485 1.92385693
-1.3112174 1.79665444 -7.478560389E-02 2.2255002
1.4253204 1.05682059 -0.551982743 1.85824997
-0.245157714 1.4937693 -1.66551471 2.25064175
1.27718012 -0.261014361 1.38757355 1.90385869
1.43599698 -0.216641583 -1.15044283 1.85271142
1.81057473 0.389407123 1.18680667 2.19962015
0.539836943 2.18265745 0.949684373 2.44076174
-0.347195075 -1.86999419 -1.32142894 2.31594411
0.728321159 -0.770155755 -2.13507193 2.38372057
-0.15488018 -1.79295184 -1.1311609 2.12560325
-0.545811769 -1.60519367 -0.579842271 1.79186335
-1.35215775 -0.15517527 -1.19017753 1.80801894
-0.765096112 -1.03224457 2.10797014 2.46869177
-1.86723915 -0.949738426 -1.02750627 2.33331401
0.757633877 -0.827734588 -1.01043985 1.51001402
-0.517187259 -1.66644213 -1.47830916 2.28689965
-9.948278122E-02 -1.47205335 -1.31205201 1.9744159
8.476362009E-03 1.95993201 0.328499201 1.98728888
0.391433271 -1.06367542 1.48753081 1.87012655
0.811923198 0.772939555 1.43566112 1.82147679
1.5707444 -1.1949217 -0.650774292 2.07812007
-1.27229661 -0.438451144 0.718075445 1.52532305
-1.85521181 0.157941755 -0.500538512 1.92802886
-0.44524986 -1.70053383 -0.822421859 1.94073194
-1.32435181 1.09639281 0.655580208 1.84004628
1.41408223 -0.716436185 1.77611492 2.38064982
0.602738398 -1.32050254 8.066918233E-02 1.4537978
-0.394049599 0.984263738 1.54276376 1.87194289
-1.30099853 -0.8406942 -0.961261979 1.82301632
-0.935482834 0.977617835 1.75083562 2.21275623
1.20091531 0.767924391 1.6665156 2.1929842
-9.135290546E-02 -0.60823234 -2.22579865 2.3092144
1.03505833 -2.06810077 -0.758883775 2.43398667
0.736912772 -1.57657054 -1.30052049 2.17254888
-1.19527093 -1.71688116 0.562690744 2.1663274
0.613738191 -0.718867727 -1.47612873 1.75282669
-0.289046858 -0.737713208 2.14769696 2.28918569
-1.64292073 -0.705716641 0.932544114 2.01664648
1.89823822 -1.20582237 -1.511218758E-02 2.24889846
1.22992909 -2.30666801 0.332247519 2.63511504
1.93917234 1.00409041 -0.612315967 2.26793248
0.599854097 0.822926472 0.831755184 1.31485726
1.97861625 1.14554732 -0.58004364 2.3587394
1.726128 -0.273408803 -0.93562447 1.98233786
-0.33030245 -1.5871773 -0.361687307 1.66103859
1.07608205 1.39999017 -0.311343825 1.79300307
-2.24358122 0.209731006 0.796343776 2.38993874
0.275223779 9.108795617E-02 -1.91460718 1.9364312
2.37235317 -0.422715428 -7.18188497E-02 2.4107894
-1.27192053 -1.46331222 0.143011239 1.94409792
-0.59890268 -1.97649794 0.486830776 2.12184654
-0.80845719 -2.506336072E-02 1.70645213 1.8884411
0.792535588 -1.27613874 -1.70497347 2.2723506
1.25911093 0.751037263 1.01994541 1.78597479
-1.14943012 -1.42209346 -0.896896982 2.03665501
-1.75307624 1.58364721 -0.17204545 2.36871578
-0.573325545 -1.63230288 -0.61355313 1.83563676
-0.78877678 1.92297443 -0.728409841 2.20240331
0.687847771 0.360238698 1.55729355 1.74013496
1.48391551 -0.178149178 -0.221895587 1.51095335
2.02351911 2.8691572E-02 0.782230737 2.16964
0.815883237 2.2171746 -0.398665141 2.39592625
-0.281412708 -1.99681567 -1.33672124 2.41935727
1.25142562 -2.09703302 0.162898744 2.4474782
-0.184680471 -1.73609786 -1.13829639 2.08419321
-0.495377131 -1.52458331 0.369627815 1.64510713
-1.64307693 -0.46588778 -0.875958658 1.91938969
-0.513690194 -0.789123816 2.16421287 2.36017189
-1.56467255 -1.05196836 -1.12715963 2.19666258
0.720994834 -0.738413876 -0.933855393 1.39182416
-0.837908751 -1.75689244 -0.50323143 2.01047358
0.380719132 -1.69340108 -1.26942266 2.15034606
0.664155148 1.52504651 -0.512200862 1.74046506
0.998444938 -1.5129631 1.08235361 2.11126478
0.71942566 0.493443514 1.67673493 1.89010577
-0.440197867 -2.49977794 0.468605159 2.58113438
1.45473747 3.903989425E-02 1.45038852 2.05460753
-1.67030835 -0.482506752 0.182433166 1.74814891
-0.247172409 -1.78195187 -0.589498445 1.89313366
-0.892800712 1.33992812 1.16703075 1.98858272
1.37229884 -0.895651024 1.45817723 2.19355321
0.846340771 -1.14160954 0.313001316 1.4551752
-0.562701188 1.01925995 1.66750586 2.03374022
-1.42722708 -0.617330948 -0.586351119 1.66189117
-0.6858055 0.668262045 1.79306114 2.03272516
0.679222719 0.714684973 1.48837861 1.78532602
-0.131501977 -0.405575077 -2.43016608 2.46728415
-1.08149665 -1.05679956 -1.84099186 2.38237515
-1.24694026 -0.982279 -0.671475517 1.72354618
-1.79794181 -0.250696088 0.337604314 1.84646147
0.552934709 -1.08874061 -1.53339864 1.96020517
-0.209283743 -0.784294629 2.18082195 2.32699422
-1.09648021 -0.748060706 0.9627793 1.63975841
1.75446539 -1.19647347 0.441629253 2.16903987
-0.834909107 -2.0436494 0.967286461 2.41023218
0.422876761 -1.62097831 -1.45193718 2.21687099
0.342490668 1.28720284 -6.895974261E-02 1.33377152
-0.556041359 -0.968850688 0.670628266 1.30291823
1.3148316 -1.40513002 6.775116338E-02 1.92555517
-1.01444918 1.38638769 1.1108953 2.04579235
0.712175742 -2.01542726 1.33786734 2.52171179
-2.33099158 0.239718924 0.405445717 2.37810285
4.981889653E-02 0.334778463 -1.76996117 1.80203249
2.10462301 -0.365941887 -0.512750916 2.19687618
-0.789699797 -1.31355614 0.917024516 1.78605416
-1.17988006 -1.88835246 0.553467906 2.29441031
-0.804041964 -1.45291544 2.06881537 2.65281808
0.819475444 -1.60172496 -1.41856767 2.29115628
1.16204806 0.845716693 1.03085634 1.76868799
-0.694400044 -1.321153 -1.04532053 1.82217773
-2.06594618 1.19950481 2.241405097E-02 2.38902654
-0.157216259 -1.63735757 -6.324052069E-02 1.64610
-0.700364244 1.45557739 -1.46434582 2.18025785
1.0747682 -0.138980107 1.57896626 1.9150918
-1.7291991 -0.379120458 0.825393469 1.95323738
2.13728103 -0.663865829 0.36999125 2.26838744
0.930802979 2.28197001 0.169627283 2.47033494
-3.535396579E-02 -1.90957571 -0.993258638 2.15274
-1.866041935E-02 0.382058536 -1.7297039 1.7714944
0.345082993 -1.47199866 0.124375922 1.51701407
-0.568914945 -1.41154578 -0.778892211 1.70961949
-1.49046275 -0.616791246 -1.12032757 1.96393597
-0.605248316 -0.834248016 1.90127488 2.16266998
-1.48540672 -1.74411084 -0.971184569 2.48828359
1.03826594 -0.237383394 -1.08038445 1.51709512
2.230173152E-02 -1.83968653 -1.18087224 2.18618461
-0.453220143 -1.70345706 -1.32396813 2.20455576
0.451935891 1.9967979 -0.10195839 2.04983985
0.701121988 -1.12621573 1.3963757 1.92608385
0.62887145 0.233895078 1.63835045 1.77041758
0.649628927 -2.44842486 -0.409885175 2.56608805
1.21055847 -0.287633062 1.27858998 1.78408994
-1.64799654 2.434684327E-02 -1.04849672 1.95341515
-0.245432282 -2.03800915 -0.206256432 2.06307053
-0.616827251 1.56760559 1.31457672 2.13681424
1.57644337 -0.934300915 1.41898672 2.31767453
0.537036102 -1.52094199 -4.01781135E-02 1.61347036
-0.768364874 1.01676602 1.47309107 1.94786935
-1.54069537 -1.21701437 -0.537102798 2.03552097
-1.06597329 1.33831479 1.44940632 2.24235685
0.677152413 1.14929838 1.43506269 1.9592925
-8.510671661E-02 -0.112138416 -2.2947157 2.2990298
-0.416531903 -1.22690159 -2.0487854 2.42410973
0.351035191 -1.56710052 -1.08312556 1.93705723
1.57404087 0.828170856 0.220176531 1.79219121
0.614808066 -0.927433396 -1.17875301 1.62098129
-0.379090225 -0.278554243 2.36422934 2.41057716
-1.44062589 -0.252446476 0.593755133 1.57850478
1.57749374 -1.1733855 0.465058027 2.02029676
1.84519843 -1.03480199 0.374031819 2.14836501
-0.110245843 -1.43934787 -1.56517753 2.12923863
0.777052315 1.30523955 0.17301977 1.52885461
0.620755317 -1.24742417 0.935411375 1.67821294
1.53451368 -1.33176453 0.468957509 2.08524583
-1.36891222 1.57298822 0.331787889 2.11146769
-0.115737127 -2.23494508 0.335787872 2.26299096
-2.16072327 -6.80470784E-02 0.724687267 2.28002787
0.194733062 -0.209771774 -1.9492111 1.97011397
2.05762675 -0.668765925 3.786063168E-02 2.1639106
-0.155893345 1.36045473 -1.15601355 1.79206783
-0.729977367 -1.90523244 0.667227442 2.14661829
-1.27112884 0.267084833 1.26626186 1.81397959
0.546655448 -1.98688575 -1.38854613 2.48487576
1.34599332 0.448694934 1.25685186 1.89544237
-1.28935505 -0.534642947 -1.59632153 2.12050041
-1.89946183 1.57680626 0.198759613 2.47664664
-5.633415734E-02 -1.58140792 -0.254199795 1.60269
-0.482881914 1.68002756 -1.40848329 2.24488145
0.939281632 -0.132115428 1.64865837 1.90204597
-1.48727987 -0.297842497 0.898570047 1.76299169
1.80579739 1.01377004 0.558966795 2.14501231
0.65220696 2.13961949 -0.819512181 2.38221445
-5.029758258E-02 -2.07692628 -0.681449044 2.18644
0.119932983 -0.847909212 -2.00720238 2.18224548
-8.759432666E-02 -1.88426068 -0.92140186 2.099307
-0.274351608 -1.6328544 -0.719555936 1.80533737
-1.81740835 0.199838099 -0.703799423 1.95914318
-1.13967675 -0.813561816 1.87204544 2.33779812
-2.01583357 -0.708179607 -0.700669687 2.24856428
0.791231317 -0.464003543 -1.11053736 1.4403609
-0.544440757 -2.0050411 -0.793338635 2.22395857
-0.614273587 -1.3346918 -1.71445814 2.25789746
0.435050228 1.7291412 -0.405766735 1.82861823
0.654735339 -1.75844284 0.669635897 1.99228808
0.658105106 -0.164202602 1.87546229 1.99434792
0.435906275 -2.55063318 -1.096314753E-02 2.5876367
1.8978954 0.162427662 0.466809331 1.96119878
-1.4023988 -5.318747216E-02 -1.29344839 1.9085492
0.631942004 -2.10748926 0.12678172 2.20384557
-0.723773137 1.37294738 1.12118866 1.91465299
1.53881288 -0.6095482 1.64954171 2.33676741
0.702803848 -1.2525588 -8.883130641E-03 1.43628538
-1.10082072 1.06248535 1.7086364 2.29349509
-1.65165489 -1.0518051 -8.072433429E-02 1.95978935
-0.921453897 0.779607262 1.72126895 2.10229198
1.05967754 0.682795045 1.62578249 2.05725406
0.640793161 -1.16981271 -2.02229844 2.42255416
-0.216297113 -1.52316694 -1.72801077 2.31362123
-0.423024352 -1.62111152 -0.721518503 1.8241549
-1.57151644 -0.797213748 0.642518263 1.87564479
0.320419713 -0.804438655 -1.42775689 1.66981438
0.101970666 -0.530165744 1.91040748 1.98522806
-1.83806395 -0.822143901 -0.952342844 2.22741028
-0.966760777 -0.73419869 -1.89420059 2.24981554
1.17650058 0.818329987 -0.554178652 1.53653231
2.12211781 0.651358976 -0.504015285 2.27633125
0.354143948 1.17087508 0.314531829 1.26305053
2.20250372 0.642246626 -0.501396757 2.34838287
0.872612894 0.959812179 -0.752063712 1.49943073
-0.161327188 2.16583811 0.166722461 2.17822808
-0.247931253 -2.08108237 0.167355792 2.10247038
-2.22616868 0.162200641 0.14443951 2.23673843
0.169839921 -0.292028637 -1.96799043 1.99677557
2.10039156 -0.382320004 -0.394092292 2.1709726
0.785020583 1.59670595 -1.07462354 2.07859158
-0.856807001 -1.78880885 0.927227996 2.18945361
-0.961857153 1.00666276 0.60508767 1.51811402
0.879307262 -1.98549632 -1.03559226 2.40579056
0.95434137 1.21213278 0.942702794 1.8079607
-1.3929046 -0.452113531 -1.41836035 2.03870939
-1.29890605 1.86783529 0.128282367 2.27868865
-0.134830059 -1.65189896 -0.360884672 1.6962273
-0.656361406 1.59419296 -1.31108108 2.16591669
0.230942249 0.381921573 1.6115257 1.67218824
-1.99536935 -0.120432923 0.399033798 2.03843835
1.58590166 0.286160175 0.972055915 1.88198417
1.01365836 2.17637525 -0.859407022 2.55003783
-0.12065179 -1.87594052 -1.04848664 2.15244836
-9.318638759E-02 -0.148796057 -1.9281643 1.936140
-0.504982918 -1.73962841 -0.876169005 2.01220946
-0.789056388 -1.0436734 0.64770612 1.45992718
-1.50113227 -0.178079367 -1.04431442 1.83730862
-0.488920229 -0.43588447 2.20302409 2.2983371
-1.58640481 -1.44352421 -1.24321677 2.47911886
-0.666671433 -1.02226307 1.43985578 1.88750027
-0.187058235 -2.07301507 -1.03200628 2.32323465
-0.680356083 -1.25373971 -1.85991292 2.34393339
0.182930267 1.93953513 -0.136615993 1.95292702
0.96130403 -1.71172748 0.581984403 2.04763821
0.506210186 0.15293053 1.87622691 1.94932396
1.05965152 -1.8607708 -0.695384901 2.25141944
-1.7668657 0.481023512 -0.218360914 1.84414736
-1.3456718 -0.704729769 -0.786190318 1.71043032
8.650209792E-02 -1.99835159 -0.738187588 2.1320911
-0.754648892 1.51806209 0.890108343 1.91475855
1.49235477 -0.672170688 1.52311619 2.23580391
0.783749156 -1.1060892 -0.146467123 1.36350603
-5.949449308E-03 1.02544137 1.3929582 1.72971036
-1.9445382 -0.748264457 0.37728835 2.11742179
-0.87865634 1.05316979 1.57404811 2.08778137
1.54942267 0.630163032 1.42598745 2.19801189
5.887545352E-02 -0.353461053 -2.41812527 2.4445308
-4.641046856E-02 -1.63229564 -1.85471325 2.4711342
-0.622970557 -1.45070459 -0.700169196 1.7270996
-1.31588296 -1.33850516 0.332915481 1.90629923
0.850119505 -0.961907221 -1.57314571 2.03045711
-0.416427371 -1.03858769 1.91191188 2.21528399
-1.87816895 -0.69007089 -0.158263689 2.00717808
-0.790238124 -1.51927259 -1.66565836 2.38895025
1.41854688 0.736295015 -0.643211144 1.72282505
1.98432192 1.36624422 -1.231867651E-02 2.40921325
0.81310017 1.18334528 0.303176754 1.46743112
2.09746205 0.58484864 -0.544352075 2.24448527
1.16025109 0.639360767 -0.873107796 1.58659447
0.813173553 -1.01465357 -1.41711155 1.92327279
-2.884704191E-02 -2.30511468 0.418643161 2.3429997
-2.23796964 0.207727762 0.992198474 2.45685098
0.337355855 -4.418002056E-02 -2.06928352 2.0970682
2.01205076 -0.927983999 -0.262535254 2.23123896
-0.813267183 1.34508767 -0.354677877 1.6113537
-1.13997303 -1.8177946 0.476474483 2.19794077
-0.900552265 -7.146228584E-02 1.65443613 1.885009
0.978972402 -1.75127235 -0.605696632 2.09576006
0.983767187 1.05163891 1.31147062 1.94774164
-1.1656831 -0.634541292 -1.57791993 2.06186591
-1.07564083 1.97956923 0.249366853 2.26668951
0.209915884 -1.60628663 -0.387501907 1.66564677
-1.00909119 1.51430736 -1.32418013 2.25052101
0.754333096 1.884621368E-02 1.47894955 1.66032086
-0.945937521 -0.514754526 1.38891607 1.75751469
1.54822948 0.453068704 1.21796771 2.02131915
0.743487399 2.21723883 -0.100054456 2.34071195
-0.177433485 -1.928456 -1.07459056 2.21476185
5.604923606E-02 0.301714403 -1.83920363 1.8646294
-0.275942678 -1.88396009 -0.805141155 2.06729347
-0.214445766 -1.39964441 -1.19537712 1.85308335
-1.33023585 7.386964155E-02 -0.816227158 1.56243749
-0.518428224 -0.819786475 2.16511839 2.37245765
-1.74874049 -1.29803187 -0.947868298 2.37517038
0.799797095 -1.10801192 -0.657627336 1.51652218
6.668971713E-02 -1.56855903 -1.72428545 2.33194881
7.649760511E-02 -1.59728202 -0.769712524 1.7747166
0.665231435 1.57997072 -0.245332789 1.73177034
0.406777793 -1.18964892 1.21487434 1.74832845
0.903058244 0.372907891 1.62682588 1.89766618
0.817929448 -2.24438568 -6.492906858E-03 2.3887900
-1.82600509 0.301091607 -0.203256788 1.86179056
-1.46977343 -0.142747206 -1.34303092 1.99608185
-4.59355387E-02 -1.93670727 -0.344576639 1.9676580
-0.964999578 1.34938073 0.88328544 1.87942696
1.24812722 -0.674010675 2.01932335 2.46774771
0.591077697 -1.17471144 -0.224708153 1.33409653
-1.38815127 0.580766112 1.44101242 2.08345147
-1.31470535 -0.486279806 -1.0725449 1.76501297
-1.03970044 0.524528334 1.93953312 2.26227666
1.14390943 0.461368708 1.77489599 2.161399
0.251884146 -0.543833719 -2.37824435 2.45260004
-0.26127308 -1.51482214 -1.80295569 2.36930348
0.132333288 -1.6191834 -1.16390596 1.99848544
-1.76037911 -0.545238354 1.12448357 2.15886146
4.055190089E-02 -0.435799086 -1.80044765 1.8528834
-0.484611138 -0.391643251 1.75656712 1.86380268
-1.30120576 -0.123939104 0.871059661 1.57074577
-0.52087557 -1.69405063 -1.65631368 2.42579758
-1.6791825 -1.59814192 0.279112908 2.33486948
1.86968554 1.3993823 -0.11929901 2.33842406
0.624956485 0.763911856 0.735388397 1.23082413
1.86286447 1.32400203 -0.74261422 2.40306498
-1.65871169 -1.95035463 9.696228154E-02 2.56214936
0.941917108 -1.36621234 -1.05257751 1.96511155
6.170542718E-02 -2.37608289 0.480919988 2.42504876
-2.26008769 0.130188316 0.876732984 2.42767504
0.145575072 -0.530573428 -1.80482491 1.88682093
2.23434432 -0.311966438 -2.165328369E-02 2.256121
-1.41979934 -0.783172534 0.174185474 1.63080654
-0.40590608 -1.91445272 0.492782149 2.01809891
-1.06802757 -0.672687395 1.8059088 2.20329249
0.637291652 -2.19420088 -0.327131579 2.3081753
1.09296693 0.525256303 1.34298072 1.80943861
-1.4290623 -0.908021096 -1.32612602 2.15065841
-1.3326924 1.64085684 -6.539318792E-02 2.11488923
1.425925605E-02 -1.48205991 0.300111514 1.5122076
-1.29577357 1.59454998 -1.35387479 2.46060881
0.941717205 9.94549304E-03 1.57752589 1.83725832
-1.93696919 -0.343623298 0.500179933 2.02980457
2.02964904 -0.568311297 0.642318085 2.20341224
0.86922059 1.95570226 0.362789796 2.17069855
-0.182591018 -1.88800286 -0.941734978 2.11772497
0.299865804 0.238831912 -2.04076427 2.07645828
0.35904386 -1.74037581 -0.384957954 1.8182445
-0.44635519 -1.51352836 -3.756380051E-03 1.577978
-1.6446364 -0.277077141 -1.06006938 1.97619526
-1.02918781 -1.2546434 1.65319622 2.31655247
-1.62382716 -1.47044039 -0.934859489 2.38180012
0.643388693 -0.98471045 -1.04618272 1.57419883
-0.512762276 -1.83530919 -0.849521445 2.08637764
-0.181840786 -1.71212637 -1.22659853 2.11399781
0.352700285 1.88727489 -0.103049336 1.92271245
0.95839197 -1.29989861 1.0823515 1.9441544
0.457545083 0.794670528 1.51709821 1.77269167
0.959462944 -2.26150606 -0.228405534 2.4672146
-1.16547605 1.19072868 -0.715118493 1.813164
-1.48881515 -0.199773053 -1.08707378 1.85424087
-0.43846342 -1.40768057 -0.986933752 1.77421898
-0.319336646 1.25792256 1.4349304 1.93477914
1.6179565 -0.737270343 1.40968216 2.26904266
0.478670667 -1.57489619 0.125208515 1.65078793
-1.38847834 5.143552699E-02 1.6303208 2.14206994
-1.05276926 -0.880488448 -1.24338782 1.85191692
-1.44353887 1.03345068 1.63473295 2.41333309
-0.13561602 1.29749427 1.08466651 1.69658025
-0.215057384 6.459137733E-02 -2.38645842 2.3969992
-0.291870968 -1.63141321 -1.99043398 2.59008207
-0.302552493 -1.71012862 -0.66537582 1.85978571
1.57420899 1.15035122 0.439708279 1.99869588
0.447994999 -1.06382768 -1.40878141 1.82128908
-0.397178603 -0.94431008 1.92158738 2.17760659
-1.50000275 -0.668547516 0.393813325 1.68880223
-0.470298196 -1.37394186 -1.62960455 2.18277521
1.2343046 -2.20764128 -8.321881544E-02 2.53063495
1.97271179 1.35198057 -0.515688078 2.4465031
0.412035003 1.51282934 -0.512851692 1.64967946
2.29308743 0.430162592 -0.480196599 2.38199047
1.08145991 7.41777413E-02 -1.49084496 1.84327876
-0.883221402 1.53433641 0.319938645 1.79906337
-6.07911139E-02 -2.14138793 0.390370725 2.17752775
-2.29082804 0.138414021 0.996057829 2.50183587
0.142752794 0.314108478 -1.54285528 1.58096329
2.41729098 7.235552777E-02 -0.143834121 2.4226471
-0.557088147 -1.58079287 0.843463524 1.87634858
-1.52756298 -1.6587902 0.458725445 2.30118722
-1.12053709 -0.843691828 1.35394515 1.94950936
0.792652534 -1.82632904 -1.08103271 2.26548174
0.900633664 1.21300293 1.09979208 1.86870536
-1.32439157 -0.907431648 -1.25005946 2.03472207
-1.60419471 1.63321893 0.197164787 2.29776384
0.248594817 -1.73067341 -0.10416511 1.75153653
-1.20003773 1.6773252 -0.787587531 2.20766947
-4.106054491E-02 -7.221489943E-02 1.45152253 1.45
-2.08901106 -0.418621998 0.349324655 2.15899034
1.99019936 -0.268002811 0.831339437 2.17344065
0.718652616 2.23228441 -0.327765185 2.36790736
-0.146778246 -2.08942608 -0.375316255 2.12793502
6.797442806E-02 6.312242952E-04 -1.88262252 1.883
4.340606079E-02 -1.80746157 -0.862835239 2.003318
-0.252996163 -1.51279068 -0.27511604 1.55827839
-1.62391731 -0.199326524 -1.03777782 1.93747807
-0.784992732 -1.04296631 2.11389229 2.48445828
-1.59553273 -1.31829453 -0.703983477 2.18614225
1.04565832 -0.173703215 -1.23819584 1.62993958
-0.509994417 -1.98738716 -0.752553667 2.18543795
-4.029592982E-02 -1.62094478 -1.31244467 2.086048
0.61895564 1.804566 -0.109039279 1.91087784
0.58091746 -1.40769376 1.14273915 1.90392216
0.400926921 0.394435113 -1.83227904 1.9166554
-1.45066758 0.726959308 0.23919553 1.64015876
1.81419121 1.13568648 2.206774794E-02 2.14045801
-1.92528247 -0.114457639 -7.132046651E-02 1.92999
4.633131358E-03 -1.78653672 -0.526020002 1.862372
-0.752694204 1.30383647 0.785259147 1.69799
1.0707979 -0.68084109 2.17001372 2.51378445
0.630435127 -1.41592038 -6.473136437E-02 1.551279
-0.889660714 1.09175711 1.58751509 2.1221767
-1.80841015 -0.985500901 0.743514242 2.18960561
-1.61830317 0.585325402 1.74055116 2.44765792
1.39298339 0.284885358 1.4971846 2.06473343
0.308591174 -0.444598664 -2.26675759 2.33046915
-0.873951016 -1.06642001 -1.95558674 2.39277276
0.339294877 -1.59643221 -1.15930691 2.0019264
1.87643616 0.70831941 0.55826292 2.08191895
-0.173308173 -1.04839924 -1.7243166 2.02544919
-0.253148244 -0.846890458 1.91785436 2.1117464
-1.43696204 -0.865223081 0.627216983 1.79077415
-1.17164391 -1.64488476 -1.54259619 2.5412592
2.09966189 -0.783275692 -4.799026997E-02 2.241518
2.03773055 1.17240083 -0.344465603 2.37603157
0.450605556 1.34033471 -4.243989368E-02 1.4146885
2.27333424 4.227443779E-02 -0.254278584 2.2879015
1.56693021 -1.18491263 0.221623858 1.97696873
0.289239432 2.02190028 -1.20212645 2.36998907
-0.11167164 -2.21158923 0.256015413 2.2291571
-2.25774556 0.104667432 0.58365875 2.33431528
0.176993918 -0.125577081 -1.84109859 1.85384478
1.31077046 -1.33095209 -0.510608967 1.93656247
0.228996997 -1.87669781 0.58512156 1.97909109
-0.627166687 -2.035652 0.668387374 2.23247817
-0.746079404 0.447315768 1.48224941 1.71865912
0.954956607 -1.94664461 -0.63244112 2.25861664
0.121690379 1.48081995 0.259954655 1.50838082
-1.20483494 -0.540023378 -1.62847046 2.09646572
-2.0194331 1.5353963 6.115390755E-02 2.53757594
0.295316775 -1.5817365 -0.337871462 1.6441592
-1.04956833 1.82158277 -1.25414959 2.4479887
0.316261878 0.569196018 1.5795645 1.70851681
-1.43935996 -3.66089936E-02 1.04144515 1.7769933
1.51873747 0.572129791 0.956766911 1.88395831
0.784606669 2.14333776 -0.452427861 2.32684236
-0.365448084 -1.72716911 -1.36670522 2.23261027
0.357679262 -0.40063009 -2.07863791 2.14689881
0.482249132 -1.62574108 0.105843763 1.69905891
-0.446496185 -1.52134162 -0.301754896 1.61396876
-1.2724704 -6.170606848E-02 -1.0893886 1.6762327
-1.12307596 -1.04008998 1.78089702 2.34833579
-1.6824711 -1.27985838 -0.83243698 2.27193701
0.459040966 -0.794472823 -1.00602384 1.36161289
-0.427883588 -2.06200694 -0.314056899 2.12922256
-0.18233752 -1.7146104 -1.18610252 2.09283898
0.416161506 1.66654483 -0.199059376 1.72921563
0.738558078 -1.57023429 1.15463117 2.0842929
-7.573848689E-02 -1.54034651 -1.70607064 2.299800
-1.69929483 -0.146969354 1.08039947 2.01902599
-1.59796858 1.00276145 0.291142816 1.90887356
-1.76114455 -0.663911178 -0.479024849 1.94213104
-0.371662666 -1.45116679 -0.923099661 1.75958267
-1.12303835 1.2324025 0.806110437 1.8519841
1.83867099 -0.97296977 1.13062587 2.36763511
0.308873164 -1.49768353 -0.381069649 1.57596722
-1.17961162 0.676369017 1.55158358 2.06309725
-1.50679213 -0.702394697 -0.8130321 1.85062206
-1.18558819 0.389968354 2.02466796 2.37843962
0.504920345 1.02168737 1.60958045 1.97219139
0.339286174 -1.11380947 -2.03057105 2.34070618
0.747094447 -1.92952294 -0.977175794 2.28824855
-0.75059449 -1.43866333 -0.454282689 1.68508665
-1.69185151 -0.221270042 0.459092087 1.76694299
0.315036991 -0.673188526 -1.57031885 1.73733485
-0.136108998 -1.15209373 1.61922856 1.99192037
-1.95141516 -0.284063576 0.499026047 2.03414361
-0.946982843 -1.10446222 -1.77869442 2.29790494
1.7375178 0.284458984 -0.60844855 1.86281901
1.6659355 1.25349895 0.106214436 2.08755412
0.643188607 1.35399993 -1.391808344E-02 1.4990667
2.1457966 0.676047816 -0.417594174 2.28820205
1.70561349 5.462939367E-02 -0.518035976 1.7833852
0.996707835 -0.876022238 -1.33064463 1.87921702
-4.921332431E-02 -2.06608736 0.452884101 2.115713
-2.19349966 -0.140244479 0.979171068 2.40621804
0.370924345 0.265808826 -1.68832729 1.74891058
1.78391352 -0.885023552 -0.500017775 2.0532004
-0.507789896 -1.87196463 0.422163633 1.98502501
-0.766268824 -1.81162692 0.692888587 2.08548666
-1.24569394 -5.138367315E-02 1.65424905 2.071456
1.06092868 -1.5771664 -1.2558113 2.27817592
0.193803082 1.37539358 0.512707307 1.48058634
-1.08136289 -0.817391762 -1.53940627 2.05115739
-1.02176524 1.88008416 0.212468449 2.15031707
-1.097634003E-02 1.92984827 -0.432976716 1.97785
-1.09744803 1.77410343 -1.24452704 2.42913209
0.531126964 0.257803454 1.65268776 1.75497444
-1.53436719 -0.371259929 0.966920919 1.85123004
1.79947388 6.076427084E-03 0.729554565 1.9417499
0.516161359 2.18605396 0.481511268 2.29719559
-8.414952772E-02 -1.76816717 -1.39824262 2.25578
2.033110241E-02 0.439988711 -1.75839648 1.812722
-9.508647349E-02 -1.79783334 -0.861134873 1.9956
-0.164119508 -1.68615703 -0.659355736 1.81791384
-1.72152263 -0.373813318 -0.746052973 1.91310522
-0.840471714 -1.02574406 1.95882733 2.36549108
-1.91771529 -0.778672427 -0.778016192 2.2111698
0.934227898 0.399752239 -1.34935956 1.68918763
-7.783700992E-02 -1.99141838 -1.20603345 2.329446
0.225926077 -1.75920727 -1.35998401 2.23504124
0.328458707 1.85358767 0.165404035 1.88971714
1.03527179 -1.23751954 1.15301821 1.98310193
0.115533835 -1.67803769 -1.27704096 2.11186935
-0.929623717 -2.16412474 0.600857185 2.43077467
-1.32899044 1.10649405 -0.819999387 1.91388183
-1.83586208 -0.700202086 -0.134116382 1.96943133
0.638961328 -2.29036199 -0.342611324 2.40237636
-0.692467344 1.36507064 1.03973544 1.85039959
1.72523696 -0.784622793 1.22797183 2.25831581
0.4156153 -1.42928484 -0.553881821 1.58819907
-1.39935537 0.613959349 1.49258601 2.13610733
-1.8478711 -0.826874327 -0.10356027 2.02708498
-0.809703194 0.776122244 1.81105717 2.1302378
1.47433492 0.355825808 1.55791781 2.17425467
0.26894809 -0.434211039 -2.27784066 2.33440151
-0.165730367 -1.51268166 -1.9039547 2.43735837
-0.668864869 -1.30583266 -0.697666287 1.62459761
1.90574512 -0.633389514 -0.312163409 2.03236137
-0.43658862 -0.735065914 -1.78268945 1.97709717
-0.551151524 -0.539357799 2.21717103 2.34745015
-0.499412203 -0.254609679 1.43246368 1.53824277
-1.41566478 -1.38613264 -1.34651814 2.39553367
1.77306406 -1.06671849 8.46227169E-02 2.07094314
2.16025714 0.774141171 -0.652937312 2.38586097
0.455864323 1.25959608 0.178430892 1.35138157
1.70593331 1.57105479 -0.563774544 2.3866846
1.59597771 -1.10642057 0.342652184 1.97198424
0.46178299 -1.34718967 -1.2266753 1.87959992
-0.150598024 -1.8322816 0.908477062 2.05067458
-2.04728375 0.19771539 0.957386409 2.26871127
-4.103049534E-02 2.272544885E-02 -1.67288437 1.67
2.24451106 -0.663943701 -0.289679182 2.3585091
-0.455553658 -1.65652201 0.749334331 1.87432554
-2.3325352 -0.442333952 0.143952121 2.37846631
-0.740467371 0.645158869 1.70135121 1.96446375
1.17599326 -1.57721019 -0.997675742 2.20588055
0.667919773 1.33682349 0.979455439 1.78676994
-1.29185961 -0.75859244 -1.25662594 1.95537017
-2.18499618 1.0608907 -0.670108262 2.51967111
-0.120457934 2.07508803 -0.337598359 2.10581887
-1.13336643 1.59350475 -1.19374509 2.29102689
8.973151104E-02 0.391532947 1.57433093 1.6247669
-1.7194067 -0.388825371 0.787394133 1.93068229
2.17726776 -0.173794829 0.661525077 2.2821733
0.50663482 2.20282126 -0.351881251 2.28755782
-0.127212492 -1.55407779 -1.7484869 2.34276487
6.811862937E-02 0.490647896 -1.76656685 1.834702
-0.456068898 -1.81639381 -0.985701903 2.11633966
-0.175379853 -1.56551083 -0.980640016 1.85559615
-1.2175941 -0.415124245 -1.10854227 1.69815474
-0.426153081 -0.655637376 2.22247112 2.35602306
-1.68824996 -1.39575996 -0.710368553 2.30281508
1.05545979 -0.325262459 -1.09534886 1.55549997
-0.194991323 -2.08512587 -0.959451034 2.30354462
-0.252421374 -1.22177649 -1.66806947 2.08300507
0.540057551 1.81223927 -0.303470654 1.91519393
1.08159266 -1.68059868 0.636994821 2.09762175
-0.100140207 -0.952160714 -1.73556851 1.9821292
0.632273465 -2.4063069 -0.163882318 2.49337924
-1.35364813 6.997519836E-04 -0.549540024 1.460944
-1.80946445 0.103392158 -0.817163734 1.98811672
0.300602935 -1.97948137 -0.608364448 2.09256205
-0.287694077 1.33352197 1.2993896 1.88400161
1.84253291 -0.64082431 1.09040598 2.23485313
0.532306959 -1.25712917 -0.490070266 1.45048038
-1.10858048 0.97479519 1.41962014 2.04804729
-1.89878516 -0.964289382 0.338941886 2.15641385
-1.3197808 1.6210243 1.12095504 2.3719362
1.45868899 0.552059424 1.42353886 2.11163587
4.40801607E-02 -0.769691086 -2.22260387 2.3525168
8.071892903E-02 -1.67869768 -1.48885665 2.2452696
-0.966351443 -1.44471135 -0.389017578 1.7811122
-1.54405186 -0.148098229 0.720430305 1.71027748
0.482453066 -0.973075585 -1.49728437 1.84972904
0.20167772 -1.22994668 1.75290987 2.15084535
-8.954168568E-02 -0.283031263 1.31595259 1.349020
-1.42722525 -0.685212021 -1.59225312 2.2453858
-1.18394857 -1.95269025 0.450076848 2.32750995
1.62368424 -0.153195113 -1.73999478 2.38482726
0.745953663 1.29057573 -5.804881538E-03 1.4906596
1.9140814 1.13541017 3.559775213E-02 2.22578774
1.55439276 0.628796509 -0.295027456 1.7025167
0.608812168 -0.246017333 -2.1319301 2.23076281
-0.53667111 -2.02057242 0.185650486 2.09885562
-2.30270256 -0.101181315 0.756759508 2.42597644
-7.203478521E-02 -0.468598196 -1.72099942 1.78510
2.38917535 -0.227616732 -0.21710671 2.40979326
-5.657198872E-03 -1.92907568 0.825055045 2.09811
-1.86649882 -1.25876147 -6.968587959E-02 2.25236
-1.03653195 0.387085977 1.37466415 1.76463468
0.662331972 -2.09224634 -1.08387936 2.44764639
1.47044872 0.186864012 1.30020771 1.97171948
-1.40522145 -0.789396827 -1.4077906 2.14001613
-1.99414052 1.34729017 -0.160922526 2.41198742
1.0388968 1.41213294 -0.415677414 1.8017252
-0.317926606 1.36608728 -1.52087154 2.06889392
0.4689882 0.501522178 1.54245291 1.68838248
-1.74115545 -0.275687257 0.732694379 1.90904866
1.55657447 0.930249261 0.791017489 1.97838228
5.541324781E-02 -1.21605315 -1.31622963 1.792851
0.210324576 -2.05502939 -0.961787206 2.27868753
0.943126328 -0.91352484 -1.91282729 2.32011274
0.274687467 -1.91038576 -0.69677561 2.05195595
-0.136909801 -1.56607288 -1.07252822 1.9030621
-1.34530003 -0.865387621 -1.2774546 2.04709994
-1.43259066 -0.992133428 1.23238802 2.13434415
-1.72946186 -1.13915464 -0.90126782 2.25853831
0.806458939 -0.833364669 -0.768330335 1.39111617
-0.421314641 -1.91460333 -0.567027593 2.04076756
-0.126424424 -1.27735519 -1.41045026 1.90708924
0.335242032 2.05764828 0.467538033 2.1365616
0.388740353 -1.33082347 1.28670098 1.89150986
0.519808535 -0.180065113 -1.60616039 1.69775603
1.02152155 -1.9949984 -0.150709061 2.24638334
-1.17553294 1.17427984 -0.897711435 1.88857001
-1.61088239 -0.683992539 6.502966136E-02 1.751290
0.248957061 -1.53282284 -1.16071044 1.93875584
-1.04670785 1.29830057 1.11408376 2.00558329
1.33238916 -0.639292148 1.50731433 2.11091255
0.78759825 -1.2615155 0.208579594 1.50174492
-0.490961859 1.00295989 1.5040982 1.87330816
-1.81859292 -1.30474905 -9.472862703E-02 2.240228
-1.43375004 0.967138778 1.64096274 2.38406277
0.684054562 0.716942173 1.70422351 1.97137376
0.139360765 -0.398647001 -2.26800108 2.30698282
-0.256293921 -1.76844715 -1.67849695 2.45162067
0.130414879 -1.69428956 -0.924321433 1.93442376
-0.878719279 -1.70538995 0.902036925 2.11994647
0.452194976 -0.570681915 -1.57201326 1.73245024
-0.269609547 -0.923812605 2.09214034 2.30286132
-1.91569373 -0.695122883 0.381173357 2.07325141
-0.889165263 -1.64612559 -1.64338302 2.49019117
1.60708899 0.498490194 -0.390949546 1.72744582
1.83822519 1.21188194 -0.459342194 2.24916094
0.839005377 1.09900144 0.4779383 1.4629283
1.99557054 0.942995044 -7.462921784E-04 2.2071569
1.69619395 -0.901781687 0.104515352 1.92385228
4.212684674E-02 -1.57164809 -0.228941845 1.588794
-3.576797197E-02 -2.2684444 0.231587857 2.2805157
-2.04206895 0.631295663 -0.488665449 2.1925724
0.2311023 0.446184145 -1.6298728 1.70557143
1.77166488 -0.858624451 -0.243977993 1.983824
-0.577840035 -1.56985042 0.849336842 1.87608703
-0.194654731 -1.9715579 0.520360512 2.04834228
-0.971407742 5.795775051E-02 1.70733511 1.965193
0.886005019 -2.04208077 -0.43500039 2.26811025
-0.501101026 1.20019522 -0.463076037 1.38058329
-1.3649356 -0.464390706 -1.56691913 2.12930586
-1.08713644 1.78219409 -0.267315335 2.10464698
0.642735115 1.68552484 -0.565287008 1.89041049
-0.735975372 1.45085182 -1.44229026 2.17412785
0.201490002 0.412111959 1.46658689 1.53665598
-1.85548739 -0.423826437 0.809330323 2.06820644
1.4194764 0.205473128 1.35706462 1.97452699
-5.325297657E-02 -1.47301512 6.537358241E-02 1.4
-0.16682287 -1.64578817 -1.48129341 2.22051317
0.351700954 -1.989419259E-02 -1.96711863 1.99841
-7.508115245E-02 -1.78786659 -0.758544709 1.9435
-0.308384217 -1.33676604 -1.16036716 1.79680167
-1.45324626 -0.3353429 -1.10952044 1.8588747
-1.0228402 -1.22569457 1.76383417 2.37899984
-1.91817153 0.268806179 -0.837646641 2.11028214
-0.913095168 -1.15868961 1.46273698 2.07747536
-7.202076818E-02 -2.06033177 -0.80645784 2.213713
-0.491699906 -1.76781959 -1.14420022 2.16244053
0.316501908 2.09759956 -3.649465864E-02 2.1216571
3.104542481E-02 -0.600660397 1.68365229 1.7878595
0.364233275 0.300250952 1.78118395 1.84267002
1.01682447 -2.11929755 -0.330463967 2.37372293
-1.70092044 0.652731545 -0.525418094 1.89611524
-1.6896546 -0.354713973 -4.547856529E-02 1.727085
0.33406845 -2.0944297 -6.755437532E-02 2.12198046
-1.05796508 1.03180253 1.61063484 2.18587538
1.74369692 -0.493772136 1.02725717 2.08315798
0.48423845 -1.52941341 0.310337531 1.63398336
-1.26872913 0.730675011 1.37789255 2.01050926
-1.36152992 -0.998292125 -0.902110125 1.91419789
-0.857056559 0.500281258 1.89480506 2.13895149
-0.543188936 1.25552418 1.24125375 1.84718869
0.679814641 -1.41024064 -1.58184405 2.22556897
4.122077877E-02 -1.59130216 -1.8080141 2.40891193
-1.28646196 -1.00807399 -0.542243107 1.72198291
-1.46061518 -0.813244096 0.892683537 1.89516399
0.668712972 -0.862737761 -1.41061095 1.78362461
-0.531349037 -0.419427015 2.28029859 2.37865771
-1.2023608 -2.25747429E-02 1.15553321 1.66776441
-1.22164356 -0.530624916 -1.61853055 2.09609564
1.88587081 -1.30905438 -5.650675916E-02 2.2963721
2.05119779 0.896132733 -0.854160074 2.39584133
0.985586835 0.738777952 0.85469437 1.49922538
1.75648091 0.765971535 0.234335561 1.93050531
1.88011787 -0.356708422 -7.366946374E-02 1.915074
0.930718786 -1.20347355 -1.1635023 1.91528683
-0.292221852 -2.31927234 8.617173583E-02 2.339197
-2.22748555 0.381661021 3.252554959E-02 2.2601802
0.310138178 4.147784922E-02 -1.80818533 1.8350586
1.88853963 -0.867870558 -0.12209985 2.08199174
0.45448928 -1.84272365 0.603470032 1.99157401
-0.544279699 -2.00362629 0.273157046 2.09412834
-1.23270176 -0.178333598 1.65160762 2.06861408
0.450232822 -1.4213359 -2.05582479 2.53955132
-0.611685246 0.862111301 -0.853583085 1.35867539
-0.980243874 -1.08826257 -1.18380409 1.88323806
-1.84205706 1.4951896 0.13081386 2.37610573
0.653816078 1.77795266 -0.173352972 1.90227295
-0.551428383 1.46333183 -1.49382399 2.16261957
0.730993005 0.25835021 1.60883663 1.78590339
-1.41186167 -0.282496325 1.00806227 1.75765386
1.99407584 0.549084883 0.770059193 2.2069943
0.191324084 -1.38601785 0.374039881 1.44829424
-8.014679613E-02 -1.87736522 -1.34564469 2.31120
0.420483147 -0.377262056 -1.91131583 1.99305317
-0.151622091 -1.72031799 -0.678015697 1.85531359
-0.688613119 -1.22680265 0.428824103 1.47075589
-1.43793307 -0.845147217 -1.20424348 2.05721357
-0.975461915 -1.09982964 1.73849963 2.27673717
-1.52875928 -1.59446671 -1.16266641 2.49624162
0.485293117 -1.33863141 -0.541932901 1.52352707
-0.749594883 -1.98021355 -0.652971209 2.21574132
0.295933341 -1.77533949 -1.04920618 2.08332438
0.178045745 1.87152562 0.301651372 1.90402258
0.651139834 -1.00470349 1.25913297 1.73747749
0.482632447 -0.851721294 2.30491854 2.50419901
0.94483155 -2.03552978 -0.507775512 2.30085291
2.06329962 0.897887701 0.124377388 2.25363648
-1.62652612 -0.355392837 -0.657647216 1.79008133
0.148874571 -1.82221289 -0.677822024 1.94988875
-0.846833657 1.18590206 1.34569709 1.98353009
1.16770631 -0.477509453 2.00000807 2.36465338
0.691893837 -1.16996141 0.106728577 1.36342134
-1.2687328 0.675871184 1.50531695 2.08145715
-1.98971572 -0.689340905 -0.461754223 2.15577747
-1.11016156 0.79901544 1.68827048 2.17281881
0.794232427 0.65465142 1.57288928 1.87972187
0.435529556 -0.752272777 -2.20924106 2.37409907
0.861991286 -1.82862105 -0.661374279 2.12704017
-1.0970758 -0.893064195 -0.432757299 1.4793302
-1.08946913 -1.62831499 0.82036612 2.12399465
0.764386603 -0.981608198 -1.48585765 1.93794079
0.171507214 -1.14612504 2.03249203 2.33966689
-1.94325139 -0.554262754 0.566715279 2.09871374
-1.00743599 -1.09023613 -1.84561097 2.36850627
1.03744434 -1.92045182 0.17646008 2.18987765
1.96809102 0.923073826 -0.976097766 2.38290042
0.493433437 1.44540946 -0.596358177 1.63961219
2.05971694 0.933033427 0.145960861 2.26589713
1.62884937 -0.884016708 0.728842903 1.99144365
-0.418941 -1.39413865 0.172248834 1.46587987
-0.280935946 -2.27958904 -1.34785168E-02 2.296874
-2.11042422 0.402457617 0.45212425 2.19551335
0.307429777 -2.496212663E-02 -1.79628753 1.822576
2.13927108 -0.554046727 -0.358583589 2.23875651
-1.12952265 -0.861682178 1.00707393 1.74141192
0.725572264 -1.49609594 0.733891049 1.81751321
-0.591690644 -0.870695035 1.94247825 2.20939571
0.653698354 -2.1282712 -0.508286722 2.28368457
0.775174034 1.34727176 1.21659386 1.97386337
-1.08267628 -1.21256346 -1.13563196 1.98296697
-0.475755675 1.98975906 0.222297316 2.05788743
-0.485138288 -1.82871473 -0.392198344 1.93219467
-1.01190641 1.64564489 -1.07738948 2.21198322
0.863523356 -0.104382236 1.7015687 1.91099563
-1.40861696 -0.256950339 1.24209752 1.89552933
1.95775452 2.503963255E-02 0.809818811 2.1187817
5.926197534E-02 -1.20881331 0.750256707 1.423947
-0.224855928 -1.83907015 -1.12440323 2.16726137
0.341953989 -0.736304268 -2.10999464 2.26078612
-7.445496695E-02 -1.85629479 -0.93292404 2.07887
-0.35479377 -1.65276554 -0.170674438 1.69901216
-1.38518232 6.035090596E-02 -1.10244853 1.77137378
-1.04939367 -0.861240779 1.86529656 2.30700976
-1.12549491 -1.7812075 -0.796458661 2.25250645
0.455227052 -0.89252257 -1.04861664 1.45031895
-0.530635726 -1.86145828 -2.212766386E-02 1.93574
-0.273349436 -1.52419376 -1.18339622 1.94892615
0.706508007 1.62381305 -0.681702084 1.89753527
0.691692834 -0.960582841 1.4597278 1.87935192
0.495197384 0.295612873 1.77066917 1.86222359
0.996927068 -1.99976987 0.256074779 2.24911481
1.25126923 1.94513791 -0.794026844 2.44534554
-1.57201839 -0.506738894 -0.320912599 1.68256085
-0.105744636 -1.6219027 -0.891560067 1.85381489
-0.652204762 1.38609077 0.881562904 1.76741954
0.778753415 -0.280338803 2.45344516 2.58929331
0.712130942 -1.23739824 0.177537834 1.43868154
-1.05377353 0.953248546 1.49571913 2.06307954
-1.55420376 -1.25716719 -0.519449497 2.06539257
-0.613234311 0.400971079 1.91706932 2.05231306
0.593602778 1.07911064 1.52123708 1.95729566
1.323830343E-04 -0.533024667 -2.37759572 2.436611
0.602027194 -1.90135806 -0.895149342 2.18606761
0.24266763 -1.82427797 -0.318557372 1.86771425
-1.37185103 -1.2123926 0.948328661 2.06184342
0.251734081 -0.672898108 -1.60043384 1.75429484
-0.750253592 -0.383916663 2.07146733 2.23634733
-1.37418848 -0.943624437 1.00975173 1.94895347
-0.729472845 -1.26651884 -1.79579006 2.31539685
1.86617478 -1.53629494 -0.142247174 2.42137248
1.84928783 1.46429946 -0.110441165 2.36140544
0.839488002 1.23083589 0.190645861 1.50201296
1.73092815 1.68640283 -0.331204762 2.43921367
1.18468231 0.507084189 -0.47892334 1.37476329
0.939178565 -0.594983959 -1.98171741 2.27228215
-1.792237249E-02 -2.24690325 0.470903219 2.295788
-2.11958137 0.475793237 -4.234571391E-02 2.172739
-0.154259949 -5.914938105E-02 -1.62346198 1.63184
2.20605906 -0.459954546 -0.66984093 2.35094483
7.954919437E-02 -1.76097085 0.899553162 1.979025
-0.196363251 -1.98275155 1.00031846 2.22946165
-0.605048276 0.801828556 1.28115069 1.62799249
0.969856891 -1.79214417 -1.46640183 2.51052533
1.36949035 0.82706232 1.30435071 2.06418668
-1.00649089 -1.42160662 -1.23127152 2.13307732
-0.748408658 1.94694611 0.997237916 2.31196845
0.871270008 -1.54260343 -0.29460722 1.79597611
-0.68466554 1.599333 -1.56889992 2.34266513
0.98196009 -0.241549108 1.51971527 1.82541122
-1.67257041 -0.813194533 0.658233366 1.97282748
1.94934586 -1.10319849 0.701168711 2.34704788
0.868065423 2.26041594 -0.376721256 2.45049724
-4.577612937E-03 -1.89324569 -0.939721473 2.1136
0.519356875 -0.524857963 -1.9042256 2.0423718
0.319058504 -1.8421713 -0.609615719 1.96647521
-0.694874333 -1.35146972 -8.109262481E-02 1.5218
-1.40265899 -0.78546354 -1.21125044 2.01284198
-1.19647828 -1.02794858 1.56548921 2.22238498
-1.70201175 -1.15093618 -0.752045939 2.18793765
1.48660944 -0.160583644 -1.0238601 1.81220425
-0.294121938 -1.83105965 -1.14730613 2.18073348
-0.231478103 -1.8354249 -0.96054308 2.08446868
-0.11829693 1.96151585 -0.156817003 1.971327
0.603144617 -0.471466282 1.80967846 1.96494275
0.705485589 0.110083135 1.82741779 1.96195922
-1.57628726 0.480281984 0.827125534 1.84377031
2.24137651 0.565789698 4.764561601E-02 2.31217576
-1.56450105 -0.452959133 -0.37041341 1.67034176
0.631763905 -2.1302869 -0.393093327 2.25649513
-0.430844021 1.36706234 1.27379414 1.9175603
1.73849029 -0.487531444 1.56153164 2.38713562
0.823362558 -1.13120854 0.286358704 1.42813164
-0.252342402 1.14788495 1.54524193 1.94141422
-1.44192334 -1.01039881 -0.902298759 1.97843163
-1.19623912 1.22696188 1.4527716 2.24654597
1.0563884 0.977393745 1.47712926 2.06232049
4.754337417E-02 -0.569245765 -2.26329978 2.334272
0.819682676 -1.86375267 -1.05268195 2.29207177
-3.787987073E-02 -1.77379139 -1.06955341 2.071645
-1.05449601 -1.60564753 0.949980288 2.14301852
0.520441591 -0.92979302 -1.58648195 1.91109902
0.453039479 -1.06738544 1.71905527 2.0735736
-1.90956911 -0.595885629 0.330219631 2.02745626
-0.706986235 -1.74904776 -1.62884122 2.49241276
2.12155759 -1.02388502 -0.166479224 2.3615805
1.99774427 1.18158024 -0.494075838 2.37302022
0.768754144 1.41897408 -0.438459206 1.67233873
1.8570922 1.45496449 9.751380117E-02 2.36119081
1.35347984 0.302296155 -0.964538391 1.68926758
0.615067427 -1.09184268 -1.60899806 2.03943696
0.363549098 -2.18597316 0.643553966 2.30755462
-2.17808863 -0.131805405 0.651123527 2.27714834
0.451456563 -0.683192378 -1.74511695 1.92769241
2.36161947 -0.130639793 -0.10761907 2.36767716
0.202884283 -2.22836285 0.531364154 2.29980671
-0.634775275 -1.94643536 0.721068126 2.17059658
-0.767909274 1.01969054 1.35948123 1.86484387
0.789104806 -1.7830703 -1.47737982 2.44635999
1.54670071 -0.499211567 1.60905449 2.28703993
-1.66745401 -0.257896809 -1.6404956 2.35332519
-0.860218911 1.79667561 0.127613672 1.99607241
-0.632258624 -1.80476668 -0.403522636 1.95442172
-0.622606389 1.37744941 -1.4573363 2.09972252
0.282625594 0.734393921 1.55342412 1.741361
-1.66113902 -0.439183419 0.931824482 1.95462574
2.25868012 9.392699966E-02 0.618016225 2.3435874
0.510007335 2.36642076 0.373958894 2.44946932
-3.861645177E-03 -1.92744238 -1.20757642 2.27448
-0.327043079 -0.46745274 -1.92341537 2.00623925
0.255340213 -1.85533787 -0.22805465 1.88666006
-0.143075552 -1.76158485 -9.294663229E-03 1.7674
-1.49383306 0.161299612 -0.890282411 1.74647003
-1.06044848 -1.0917496 1.65465454 2.24818812
-1.81677566 -0.375282174 -1.15468651 2.18513419
1.01593452 4.177660429E-02 -1.33440459 1.67764831
6.170075483E-02 -2.04972656 -1.30634845 2.4314054
-0.289746243 -1.66774754 -1.06951072 2.00229566
0.128845063 1.89903564 0.677165697 2.02026998
0.522954579 -0.491392631 1.63720197 1.78756216
0.764344094 0.795824871 1.27778377 1.68828033
-1.5306852 0.677093322 0.637904645 1.79119371
2.04247178 0.635086215 0.417358541 2.17926906
-1.54262881 -0.796520317 -0.210404739 1.74883344
0.321013925 -1.93370634 -0.606710255 2.051918
-0.839175963 1.38061983 1.27396399 2.05750131
1.0701478 -0.240122669 2.22813088 2.4834336
0.806625861 -1.31165889 0.457782182 1.60644292
-0.688719575 1.20875916 1.56010474 2.09030146
-1.77503955 -1.28388328 -0.139966612 2.19515656
-0.880838599 1.08044839 1.72358066 2.21674889
0.490676205 1.03186373 1.54770206 1.9237691
-5.241662728E-02 -0.278591805 -2.43372888 2.45018
0.291127333 -1.60470793 -1.57965373 2.27049523
1.16048883 -1.60187631 -0.852878019 2.1540991
1.96357296 0.189044622 0.230899007 1.98611958
0.210602443 -0.627300444 -1.67478592 1.80076848
-9.215563221E-02 -0.765691194 2.1316242 2.2668474
-1.1740246 -0.780444986 0.978794257 1.7162361
-1.24321182 -0.904704557 -1.68221989 2.27901947
1.75776938 -0.347949887 -0.508494137 1.86262949
2.04246354 1.17986393 -0.445463872 2.40045293
0.739716177 1.21024387 -0.132613353 1.42458996
2.10222261 0.443965974 0.454171652 2.19606867
1.71345853 6.26590431E-02 -0.614763541 1.82148305
1.10380516 -1.20700603 -0.920066853 1.87663859
-6.037252699E-02 -2.21885216 0.348300954 2.246834
-2.09005501 0.235020288 1.24879747 2.44602935
0.321577538 -0.235752838 -1.75453841 1.79927667
2.19863961 8.742502296E-02 -0.347318113 2.227619
-0.518778421 -1.79787063 0.45296463 1.92526538
-0.227644858 -1.95442708 0.481532798 2.02570512
-0.990048647 0.624210834 1.44288694 1.8578908
0.528674671 -1.9696798 -0.935538536 2.24373969
1.58890149 -0.118324964 1.41761781 2.13266242
-1.11475328 -1.20232214 -1.04349713 1.94348647
-2.37601931 0.871453512 -0.298617189 2.54834676
-0.979521768 -1.47485103 -0.352363052 1.80521693
-0.774275112 1.20497347 -1.67926395 2.20712265
0.726840392 0.563467727 1.61118435 1.85518404
-1.32112203 -0.560963168 1.0039244 1.75154427
2.05304309 -1.30808263 0.158153476 2.43948327
0.737174698 2.2066108 7.616321197E-02 2.3277368
-0.111416768 -1.52720284 -1.630395 2.23672754
0.111855235 0.16134038 -1.81078663 1.82139796
2.278875451E-02 -1.75011645 -0.352440283 1.78539
0.281195032 -1.43724962 -1.51702052 2.10857971
-1.3813925 0.220466949 -0.838486014 1.63092296
-1.72556943 -0.944463168 0.808688837 2.12687051
-2.0697229 -0.542500178 -0.477335935 2.19223833
0.920463727 -0.20845848 -1.37017916 1.6637606
-0.785726931 -1.93979852 -0.388936224 2.1287218
0.222135067 -1.80784489 -0.335146203 1.85201785
0.199423452 1.92304415 0.406136857 1.97555452
0.525017006 -0.884011761 1.49587497 1.81514781
1.15546203 0.5404973 1.38368287 1.88196921
-1.3370637 0.679298851 0.722569505 1.66472008
-1.07001295 1.68916428 -0.831942811 2.16571755
-2.02685956 -0.359579256 -0.150924904 2.06403373
0.37484957 -2.09561803 -0.128203212 2.13273608
-0.839487086 1.29521829 1.15225753 1.92614289
1.4293628 -0.611206606 1.74117294 2.33416682
0.636957717 -1.29540656 0.138367297 1.4501513
-1.42974263 0.815385312 1.53091744 2.24782682
-1.75052917 -1.23960267 4.142773605E-02 2.1453865
-1.11466002 0.870358993 1.85475566 2.3324044
-5.459531305E-02 1.22362307 1.18716699 1.70575483
0.675634635 -0.419312313 -2.15289206 2.29504884
-0.708693931 -1.55934956 -1.91455184 2.56891551
0.282526009 -1.68375737 -1.01827271 1.98789817
-1.45720236 -0.850890533 0.848670529 1.88883432
0.250164541 -0.715090276 -1.81060368 1.96270784
-0.142415012 -1.12286777 1.73851603 2.07450043
-1.47007191 -0.691631636 0.870408556 1.84311606
-1.25997317 -0.847278171 -1.59883709 2.20492465
1.83787412 -0.738532975 -0.148331296 1.98625638
-9.689888427E-02 -1.51976053 -1.68789706 2.273336
0.662110586 0.922237751 0.757531819 1.36483235
2.00762912 0.867199024 0.136153523 2.19115189
-1.9971606 -0.418788645 -0.370169349 2.07389964
0.369753052 -1.52724911 -0.970152348 1.84672757
-0.129475005 -2.27461217 -2.12782137E-02 2.278393
0.609348297 0.674761731 -1.10858744 1.43372761
0.267681794 -1.10448073 -1.52078057 1.89850066
2.26140226 -0.528709255 -0.395326523 2.35579217
-0.101775527 -2.09790464 0.419426648 2.14184052
0.378367569 -1.65854541 0.899204844 1.92418924
-0.56144703 0.568721913 1.77246674 1.94430083
0.717898583 -2.14623278 -0.874428328 2.42617362
1.58892545 0.122039568 1.32642615 2.07339916
-1.47180727 -0.121634906 -1.62351667 2.19472506
-1.63213971 1.55410161 -0.214662801 2.26388868
-0.662578644 -1.64638284 -0.638148615 1.88595349
-0.447521718 1.67772519 -1.50984445 2.30101451
0.795041292 -0.219385348 1.78558053 1.96685496
-1.66202979 -0.234222692 1.11182455 2.01329509
1.21448333 0.973466871 0.796539465 1.74845149
0.695010381 2.28478065 -0.136605916 2.39205419
0.28341696 -1.755028 -1.19043387 2.13952827
0.116567888 0.130284328 -1.88675031 1.89483213
-5.813163494E-02 -1.70200461 -0.528157553 1.7830
-0.275418826 -1.34971988 -1.34681076 1.92652498
