XDIP YDIP ZDIP RDIP
0.450195784 2.44616947 7.04249599 7.46881323
-4.17762574 3.82766004 4.22432719 7.06742375
-6.02676035 1.9998568 0.575153784 6.37589754
-6.2353287 -2.72011414 -3.71744311 7.75227246
-6.82574425 3.97674433 -2.10734737 8.17595212
3.52962401 -1.74648653 6.64569598 7.72487772
-7.00180121 4.41286309 -1.47163671 8.40620577
-2.039287098E-02 -5.09043267 5.41853758 7.43461297
-2.26109457 0.972135945 6.99059726 7.4112109
5.67017756 3.11031149 0.824863672 6.51961281
2.1360267 -0.328929606 5.75707059 6.1493631
-6.98660056 1.77786895 0.371269538 7.21881199
6.39438945 -3.65949184 -1.11111834 7.45081747
-4.38706793 1.78114851 -6.25487945 7.84489465
-0.299054791 -7.97903422 -0.46868179 7.99838005
6.08496059 -3.19836409 4.38059457 8.15143466
-4.91657592 -0.713947557 -6.50012519 8.18132431
-7.70910423 -2.62065992 1.55302753 8.289152
-6.79209321 1.88896398 -3.18164582 7.73457078
3.13327655 -6.01725084 -3.80702336 7.77934165
-4.91153053 4.40458077 -4.271319008E-02 6.5973698
-5.10602416 4.36017039 -1.83436749 6.96042187
-0.453836811 1.76767217 -6.08556366 6.35332337
-2.03175186 7.38810111 -0.393464813 7.67247471
4.42206514 2.61016692 5.63783994 7.62580295
-1.36450859 4.51927006 -0.75662119 4.78102094
-5.70791347 1.48899323 4.91292871 7.67686431
6.25553346 -1.04786401 -3.42675189 7.20918486
-1.55884888 -5.02180424 5.23507593 7.41987518
2.33859226 -8.02189575 1.15396503 8.43513251
2.0140797 -5.00671512 -2.05952697 5.77627602
-7.19573078 -1.10058933 2.4131139 7.66896062
6.41637246 4.43088547 1.88216321 8.021541
-6.20117421 -1.50625777 2.89600055 7.00786652
6.45294394 0.234758555 5.53809793 8.50682818
0.741114734 -5.65367994 -3.13829076 6.50862633
3.63687786 6.0195945 1.06392123 7.11296893
-7.04228597 -2.30349729 2.43849132 7.80039302
-7.173786243E-03 -2.8308828 -5.96863134 6.60594497
3.04805834 -6.52794833 3.25786463 7.90686101
5.2238472 -4.61005748 -4.16301979 8.11615323
5.65715473 2.57758239 3.90877863 7.34342434
-1.829440902E-03 -3.1043393 -6.64458618 7.33399286
4.53695969 -6.05041492 -2.5953749 7.99546714
4.77639175 7.34750149 -0.48198801 8.77678806
-8.01882063 2.41819762 -1.15542337 8.454831
3.59825937 -2.79135466 -6.92003379 8.28408106
-3.46387704 4.34398645 -2.74756298 6.19820658
4.57303724 6.58876455 1.87512122 8.23653856
-1.98924975 -0.599456968 7.03036614 7.3309284
-3.24888856 1.889922797E-02 7.53103142 8.20195516
-0.645531181 7.22957499 -2.60841045 7.71279911
-2.32240562 6.54065457 -2.74470774 7.46372231
-0.753610675 -5.90978306 -5.2186395 7.92007974
7.71130764 1.76785006 0.128620893 7.91240183
1.053718056E-02 0.694610493 8.30461485 8.33362001
-2.5026094 -7.02425911 1.30644951 7.57034215
5.16782402 -5.56867185 -0.925288923 7.65327844
5.79024603 1.6318566 1.05312179 6.10728832
0.890074588 -6.17508656 -3.40992226 7.10995756
-3.28521917 6.65516664 0.741696304 7.45882172
6.7511199 1.65875594 1.18002924 7.05135166
-3.97771901 5.58772776 -3.67403807 7.78097074
2.79842857 1.16632721 -6.35064138 7.03719885
-0.407242655 -2.84344564 -4.01679239 4.93818294
-2.57289953 4.1732939 5.6459179 7.47747169
-7.09440988 1.70052764 1.16296666 7.38748518
4.62476821 0.250282703 5.48572535 7.17943626
-2.76605104 3.2765582 -4.23071497 6.02377134
6.19241736 -3.6001636 0.669299305 7.19410678
-1.59138925 -2.27437512 7.02050072 7.5493531
-5.91929387 4.11374882 -0.97186444 7.273616
-5.20681125 -0.748258349 -3.445996 6.2885342
1.95438583 7.52281735 1.59031693 7.93356873
5.73702186 4.42582502 -2.85686163 7.78864593
6.53278549 2.52336752 -2.28725028 7.36723719
-1.96690722 1.657626963E-02 6.46097833 6.75375746
-3.81624375 0.566305121 6.21402411 7.3142678
-3.51071757 4.14424897 3.8343871 6.6484932
-5.72028372 1.91420338 0.335515471 6.04138983
-6.71500257 -2.45461015 -2.62324832 7.61562882
-7.01900887 3.57410796 -2.89669061 8.39235067
2.99097162 -0.709948236 6.7236303 7.39304688
-7.38037397 3.92442411 -1.41996921 8.47864005
-0.368592072 -6.00550312 4.82784287 7.71427214
-3.18865609 0.125995097 6.45019686 7.19641869
4.63149561 3.88382563 1.676544351E-02 6.04443002
1.23197901 2.239678671E-02 6.10334421 6.22648251
-7.03619747 2.69765015 1.82089571 7.75248685
6.77998514 -3.54654318 -0.804422673 7.69371581
-4.5356608 1.57574814 -5.98535975 7.673313
-1.19688351 -8.18930319 -1.21566633 8.36510977
5.11095709 -4.54306794 4.87233346 8.39648629
-5.19642672 -0.269776978 -6.22846164 8.11599438
-6.26836984 -2.72099154 0.465154181 6.84927908
-7.35797816 1.63359488 -2.6024623 7.97378736
1.88360945 -5.74648182 -4.66610649 7.63823197
-4.11072582 4.72647877 1.57089815 6.45797099
-3.891105 5.58253167 -2.40246854 7.21645432
-0.640893255 1.700463 -5.94227397 6.21393101
-1.58759431 7.56580668 1.68233105 7.91151845
1.55044583 2.7229128 5.46882798 6.30287362
-3.39116053 5.11415843 -0.229656337 6.14062931
-5.07916175 0.612571164 4.25312307 6.65298305
4.87445408 -1.29394152 -6.22328992 8.01023874
-0.868386735 -4.67231091 5.99713006 7.65180722
2.29276218 -7.51117228 2.00655763 8.10559936
1.50607829 -6.04020224 -1.04429637 6.31212087
-7.54190995 3.0229587E-02 0.526820346 7.56034782
4.99857963 0.763313715 5.1229503 7.19812933
-6.30157486 -3.11612374 3.17048607 7.71181268
4.73625914 -0.272746552 7.39004132 8.78175678
-0.866692069 -6.26487753 -3.33637132 7.15060971
2.1638879 5.94000279 2.38664646 6.75737562
-7.35744537 -0.937367854 4.23621937 8.54144107
0.568404438 -4.02034146 -5.97911009 7.22744675
1.59823797 -5.82081311 4.61220154 7.59661983
6.24154131 -3.33337492 -2.94588132 7.66462282
5.88901147 3.71098341 2.86408208 7.52693963
-1.47839397 -2.86130103 -6.59151922 7.3362673
4.48975863 -4.87298519 -2.71222022 7.15961282
3.47226629 6.60966668 1.72484847 7.66286037
-8.06780299 1.98305298 -0.802055272 8.34657036
3.26689899 -3.31668503 -6.25100615 7.79410717
-2.02865069 5.69534371 -2.5762221 6.57185544
4.11139159 6.69919071 2.94230853 8.39284675
-3.0063216 -2.14317841 6.77069575 7.71190665
-4.45115421 0.717282653 6.15742758 7.6315911
0.893259385 8.07894356 -1.54629642 8.27395153
-1.93893404 6.30546559 -5.01592768 8.28721256
1.14965079 -2.81213496 -7.08161243 7.7057793
7.80784713 1.3181776 -0.628619836 7.94325071
1.31298815 0.498499478 8.20174473 8.32112109
-1.42111942 -6.73717517 -0.314179092 6.89259154
4.99720895 -4.98355264 -1.54445424 7.22448843
6.40812746 2.16569955 1.86364621 7.01623327
3.25666823 -5.29138146 -2.571759 6.72447396
-1.42185613 7.332843 0.450902621 7.48301907
6.67344076 4.21428907 0.290071475 7.89804947
-2.21395802 4.53744802 -5.12416132 7.1935439
1.9345828 0.679409195 -5.74925603 6.10394564
-2.84469261 -1.81659367 -6.88533044 7.66811997
-4.61245754 2.88803031 6.20248342 8.25144134
-7.42272954 1.87437432 0.386532401 7.66548108
4.32099275 0.601419352 5.54885234 7.05850167
-3.60885765 5.95957406 -2.58577017 7.43145907
5.33679573 -4.56153593 -0.398237158 7.03189814
-2.36507848 -1.8005498 6.69217294 7.32261937
-5.85272905 3.75598014 -0.339898556 6.96256815
-5.39037917 -1.37029022 -3.66808406 6.66248629
1.63669074 7.70223468 1.47244149 8.01069657
4.10059544 4.30418654 -5.52860603 8.11827503
5.55530932 4.03262565 -1.90050888 7.12288321
-1.57203356 1.40856345 6.23855765 6.58596554
-2.1488272 2.26982904 6.86088542 7.539319
-4.51179085 2.73455925 4.29374409 6.80222826
-6.29759008 2.68350519 -0.533641356 6.86626638
-7.11001881 -1.88058729 -3.26498351 8.04668213
-6.68046812 3.97102518 -3.58928658 8.56041316
2.63453476 -1.7384898 5.16932573 6.05681836
-7.56310348 3.09348069 -0.915937601 8.22247522
-1.46227651 -5.34692537 4.46683536 7.11902252
-2.76081521 -0.21908982 6.32669368 6.90631261
6.28593219 2.86402194 1.18474326 7.00850781
1.13389443 -0.783991731 5.89739316 6.05636902
-7.21668063 1.49426371 1.73872201 7.57208409
6.736519 -3.60484135 -0.98267563 7.70332531
-4.47951557 1.86064938 -6.17192231 7.84988541
-1.57096423 -7.89638213 0.630002361 8.07574655
5.05578282 -4.942775 4.19433485 8.22097375
-4.96562424 0.367657196 -6.14653783 7.91027959
-5.61660572 -2.6248327 5.22454966 8.10752278
-6.24693159 2.04026839 -3.31950798 7.36247123
1.97480743 -6.60124068 -4.73591259 8.36092764
-4.76381517 5.16164755 1.17708707 7.12194316
-3.48029474 5.45919034 -1.56978 6.66178804
-1.17231599 1.47011607 -6.37155381 6.64321187
0.998807549 7.50804293 2.74582577 8.05654295
1.24581017 3.71022366 5.75301886 6.95809087
-2.43345946 6.045377 1.4962559 6.68633604
-5.65095923 0.876426421 5.16825428 7.70793849
6.20753961 -0.884432312 -5.09471253 8.07910046
-2.33358689 -6.34987145 4.27676796 8.00357666
2.51910433 -7.21014269 2.50208886 8.03694549
2.45933951 -5.18569833 -1.95375609 6.06275357
-5.82962645 -2.49652896 -0.126080665 6.34295654
6.86230758 2.77988378 1.75222897 7.6085035
-6.85037442 -1.0641591 2.55462346 7.38824507
6.35232937 0.21283169 5.22930791 8.23061644
-1.43458481 -5.95287667 -4.77817011 7.76696104
2.7693646 6.31903876 0.112221337 6.90016121
-8.14522099 -1.44997536 2.79116241 8.7314169
2.39941398 -4.42663956 -5.13016903 7.1882515
2.63652555 -6.45169904 4.24225378 8.15919142
5.98226357 -4.53069843 -3.26838365 8.18517179
5.50404334 3.65930649 3.58406195 7.51867788
-0.332704146 -1.98105778 -6.38071797 6.68945766
6.20231528 -2.85400792 -4.89177723 8.3990214
5.09315614 6.94378057 0.435968064 8.62243563
-7.40708589 2.97432102 -1.49367225 8.12050267
3.25110953 -3.07196113 -6.9578489 8.27153672
-1.65740206 4.36354368 -3.3326133 5.73531223
4.25283347 5.53413406 2.80795326 7.52315318
-4.38130552 -1.38643448 6.61495137 8.05454035
-2.36781653 -0.544240712 7.80312849 8.1726108
1.04445016 7.92663399 -1.66968991 8.16763534
-2.52195589 5.86442444 -5.00144969 8.10963837
0.634081977 -2.5030204 -6.88787619 7.35595061
8.02362384 1.75478176 -0.456797875 8.22596273
1.11710979 0.44478228 8.46602512 8.55098514
-2.70363482 -6.72364081 1.00978855 7.31687501
3.36156242 -4.91774277 -2.76981636 6.56933623
6.37683903 2.07285992 1.7003044 6.91750384
1.62837209 -6.3215924 -3.77675061 7.54174856
-1.43323331 7.00129655 2.39988049 7.53868274
7.03539385 3.79222614 -0.828579355 8.0351907
-2.45614832 5.63251005 -4.8651065 7.83754396
1.24169613 -9.672754469E-02 -5.37724283 5.51959291
-2.66253074 -0.453344515 -7.17659083 7.66798847
-2.54872297 4.52739737 6.14065972 8.04369427
-6.95502111 2.07393931 0.752848075 7.29659668
4.79085624 1.38462977 5.67735723 7.55657914
-2.79743709 5.76079834 -3.17875276 7.14960984
6.39888268 -3.42010842 -0.447548714 7.26932878
-1.79753678 -1.64034614 7.13040243 7.53422277
-6.01036147 4.25276934 0.268154871 7.36765899
-5.70761652 -1.28919029 -3.08466383 6.61468434
1.77769222 7.53421658 2.27995508 8.06987015
5.3051326 4.46945548 -4.93588986 8.51372262
5.78283285 2.68935402 -2.77491945 6.95513902
-0.846431429 0.597575063 6.68619352 6.76599778
-1.16043539 2.95708322 7.76414916 8.3888595
-4.32438631 2.68072841 4.0726472 6.51713718
-6.38913916 2.42739307 -0.472810145 6.85104998
-6.67989481 -1.67103891 -2.85317005 7.45345189
-7.54936631 2.18965855 -2.05966075 8.12586848
0.158141017 -1.24461629 6.00721805 6.13683526
-7.40452113 3.40292433 -1.61256565 8.30705695
0.246431431 -5.41673285 5.19220935 7.50738045
-3.39051089 -0.502336865 6.19122183 7.07666123
5.14413863 4.06891766 0.619969691 6.58806614
1.58815581 0.674933682 6.17892755 6.41536593
-7.14714294 2.03831387 1.66768616 7.61692541
5.94315087 -4.07016451 0.388536174 7.21375365
-5.11569573 1.90253613 -6.24568091 8.29448711
-1.97939711 -7.77196606 -0.203527927 8.02264876
5.38684147 -3.69705181 4.86850019 8.14791674
-5.16907314 -0.589976531 -6.61941817 8.41926875
-6.3713047 -5.28153965 1.2260568 8.3660863
-6.41303301 1.49821649 -3.30230635 7.36728391
2.74322782 -6.10075221 -4.12103384 7.85667846
-3.09329172 7.15925935 -6.885794866E-02 7.79924288
-4.76543503 5.78376068 -0.75004862 7.53152253
-0.133962551 3.14520627 -6.58008206 7.29436415
1.20417375 7.66330236 2.25560242 8.07861249
1.7107904 2.7945253 6.03356413 6.86586277
-1.19635252 6.38768139 1.14591243 6.59900358
-5.76013906 0.867057306 5.46310739 7.98602108
1.93049502 -2.59630588 -6.25827785 7.04511581
1.86740207 -5.52630822 3.63794344 6.87472948
2.64103712 -7.88871469 1.84122125 8.52038686
2.78417252 -6.14408154 -1.79217919 6.97948858
-6.79526193 -0.774608406 -1.12612267 6.93136027
7.08951689 0.583114601 2.57701577 7.56586298
-6.50500914 -1.54207181 1.8963681 6.94905327
5.86643329 0.35030772 4.89027019 7.64542331
-1.79218334 -6.14715519 -3.43931681 7.26831055
3.2747565 5.63368414 0.837382089 6.5699038
-7.75686917 -0.446329019 1.52647236 7.91822876
1.73484733 -3.84622124 -5.56500835 6.98372615
2.70371888 -6.95601115 2.17746378 7.77415818
6.33107255 -4.49957505 -1.91042811 7.99864931
5.39664264 3.31098986 3.18840873 7.0888896
-0.350579327 -2.72789745 -6.97009274 7.49309837
6.01832597 -3.37349493 -4.3568347 8.15982378
1.8096318 8.12604655 1.66486529 8.4899456
-7.06138982 3.36754943 -1.065229 7.8954625
4.27755955 -3.66145002 -5.78895701 8.07562724
-2.7107346 5.04908885 -2.84957603 6.40011436
3.08506484 5.07529631 4.63798563 7.53572614
-3.67782175 0.119293839 6.09251236 7.11753544
-1.90284472 -1.46640694 7.67399745 8.04123151
0.587532438 7.54040103 -2.0002562 7.82329003
-2.00591073 6.50401001 -5.30798568 8.63136931
-2.13238257 -4.09942807 -6.35798732 7.85979445
7.79385567 1.86412691 0.214058348 8.01654391
0.94456314 0.302104172 8.26262598 8.32192613
-3.03739801 -6.8039382 1.25027994 7.55530023
3.24761616 -4.81944906 -2.72585917 6.41906599
5.82314773 1.66562141 1.06159003 6.14900948
2.79872041 -5.09927107 -3.0151654 6.55184125
-1.92876232 7.24366612 2.17965 7.80651632
5.70284746 4.86298772 -1.41531937 7.62720445
-4.12335927 5.60648386 -2.42078457 7.36851076
2.65207837 0.981027728 -5.78248577 6.43685302
-1.34114921 1.83782196 -5.88735243 6.31167089
-3.77146253 3.98192743 5.59094591 7.83188048
-7.47501022 2.14356883 0.181626062 7.77840943
4.28069496 3.07195478 5.25039518 7.43827299
-3.4187401 4.18915121 -4.40272441 6.97285838
6.56436051 -3.92408774 -9.933448779E-02 7.64847442
-1.18449344 -3.29117153 6.5788965 7.4509539
-6.3255758 4.09281587 -1.80978351 7.74850743
-4.79713408 -1.23133468 -4.58262987 6.74753118
2.23562821 7.02978078 2.06225735 7.6595533
4.38937764 2.78953603 -5.24051767 7.3831682
6.24885285 3.74007321 -2.48864127 7.69607984
-1.27643099 1.46742849 6.49214686 6.77721132
-1.59048766 2.2783572 7.61685244 8.10783594
-3.96996998 2.871822 4.40360813 6.58785153
-6.64278534 2.83287018 0.166762476 7.22354209
-7.12628234 -2.1187554 -3.08218865 8.04816199
-6.94138267 4.47756724 -2.26224433 8.5644119
0.714100045 -1.35704771 6.22107904 6.40728817
-6.71208503 4.96164324 -1.5765118 8.49443221
-0.527425817 -5.86332271 4.59462945 7.46775407
-2.45992361 -0.437838711 5.4922764 6.03390645
5.06765651 4.14206648 1.13917774 6.64346169
1.7973366 -0.155146279 6.56027041 6.80379578
-7.69914006 2.4044152 1.83888632 8.27281531
5.88208374 -3.95275459 0.361611817 7.09605109
-4.69571477 2.06262283 -5.75715438 7.71031625
-2.36355446 -7.36105124 -2.29153613 8.0636594
5.80068396 -4.10653728 3.66917704 7.99840253
-5.97064204 -0.124583785 -5.6963268 8.25301317
-6.09413748 -4.87411909 1.65418327 7.97695875
-6.55703444 2.16282786 -3.84517597 7.90303127
3.13185282 -6.0349525 -3.62713651 7.70618408
-4.15941032 5.31838939 1.58002406 6.93414998
-4.65435324 5.19508336 -1.7589547 7.19345653
-0.40488015 2.47529185 -6.58673653 7.04812711
1.28570366 7.40340343 0.167068428 7.51607132
1.27375224 3.07376333 4.82683405 5.86249032
-4.64509809 6.00170886 2.3103742 7.93317556
-5.6327897 0.985517778 5.5682313 7.98152648
2.45104844 -1.79401811 -6.61162143 7.27596573
0.627185315 -6.08694826 4.12605812 7.38028835
2.89333664 -7.39381489 2.2826428 8.26137723
3.13175982 -5.78765735 -1.31995784 6.71172004
-6.04510396 2.78809851 -2.87468205 7.25124625
6.55220733 2.2649969 2.3092219 7.30712924
-5.85448595 -1.46231666 0.933042385 6.10605797
6.07745528 -0.208741365 4.43788476 7.52820409
-1.62244131 -6.10760702 -4.18634022 7.5802786
3.51460419 5.76831927 1.66540386 6.95697634
-7.1166561 -0.955553181 4.16056053 8.29880352
1.62962573 -3.35779407 -5.59602848 6.72651439
1.22296943 -7.31241071 3.9013073 8.37778033
5.34780222 -3.04140894 -4.66140052 7.71866645
6.0960632 4.14909574 2.29710703 7.72357966
-0.97095141 -2.26141327 -6.83162658 7.26139507
4.88550177 -3.22090079 -4.63761925 7.46658167
2.3197774 7.69733383 0.513445232 8.05567758
-6.35218295 3.78168086 -0.94968419 7.45340448
2.89824413 -3.34831041 -6.949361 8.24042595
-3.32321503 3.51548133 -3.11923094 5.75603759
4.15509232 5.70502513 3.24335063 7.76733077
-3.83507907 1.62004492 5.83590044 7.16868962
-4.508405265E-02 -0.42014228 8.12039752 8.13138414
0.886156722 7.48303 -1.71233999 7.72742648
-3.21470789 5.39379236 -5.24398852 8.18087761
-1.15828952 -5.51638958 -6.15293749 8.34450888
8.11430185 -0.489251701 1.112169 8.20476579
-0.46219442 0.73463673 8.08454455 8.13100088
-1.54181582 -6.75585041 -0.459727464 6.94478654
3.39579534 -4.12548504 -2.73959968 6.00470309
5.899819 1.8268296 0.496817475 6.19612768
1.92071897 -5.75432549 -2.53203864 6.57363239
-1.16307393 7.67932263 0.626439817 7.79212192
3.05909816 5.72208303 -3.25249865 7.25803439
-0.845544722 5.7144539 -4.93404206 7.59701917
2.05470288 0.344494797 -6.05226572 6.40081252
-0.485152499 0.709678909 -5.79710521 5.86049878
-5.13450835 2.45561559 4.93348634 7.53209874
-7.26932296 2.06955659 1.20214007 7.65318637
4.13659919 3.37867976 5.0637056 7.35989431
-2.91880207 3.77046526 -4.9606919 6.88071783
6.16297816 -4.42505641 0.17358039 7.58904172
-1.48951702 -1.9059901 6.90192218 7.31354832
-5.95608112 3.80436811 0.167891981 7.06939225
-4.96587303 -1.22563489 -4.62212377 6.89391789
1.84401769 7.5206599 2.50548833 8.1386853
3.96844177 4.10620073 -4.79566368 7.45706408
6.53365469 3.68008139 -1.98515067 7.75709133
-1.96004 5.161148802E-02 6.35185194 6.6475893
-1.25709561 2.17909062 7.27544974 7.69810978
-4.32372009 3.24980363 4.85660624 7.26927804
-5.52899269 1.99316263 0.198878223 5.88064707
-6.72118476 -1.83040552 -3.70345941 7.88925349
-7.26789764 2.6101295 -2.23042701 8.03802941
1.47267281 -0.575939593 7.14468608 7.31758231
-7.21840652 3.34859849 -1.6957049 8.13596458
-0.693266284 -5.25371281 5.47956034 7.62284055
-3.60122371 0.491863937 6.17276299 7.16336131
5.04773511 4.03932528 0.766420955 6.51023652
1.04116776 0.57290597 6.83468608 6.93723182
-7.07963783 2.38172753 -8.749556617E-02 7.47004373
5.60878986 -4.82035334 0.921548321 7.45275663
-4.84369972 2.3346927 -5.56631019 7.7392523
-2.0532426 -7.9556491 0.902567556 8.26575985
6.43828675 -3.1023351 4.6589391 8.53122106
-5.20128347 0.502377624 -6.13833621 8.06132151
-6.2363012 -4.80404849 1.39551385 7.99486044
-6.64419295 1.54973779 -3.36995506 7.60944047
2.93982427 -5.75826329 -4.07950972 7.64477354
-4.94342669 4.14479466 6.729357921E-02 6.45145864
-5.03495492 5.45611127 -0.823951151 7.46986056
-1.65440522 1.18670904 -5.75100847 6.10077319
0.911020404 7.92122776 1.97490092 8.21438013
0.900335174 3.40674792 5.37529632 6.42731245
-3.47254113 6.98929537 2.71599582 8.26349956
-5.77440447 0.361001826 5.69278376 8.1167639
3.8393683 -1.95504474 -6.25234798 7.59307607
-1.32424212 -6.77702652 3.7535908 7.85946242
2.40758303 -7.87460132 1.56389249 8.38162047
1.8384456 -5.30450172 -2.20638224 6.03205962
-6.6989358 1.38138359 -0.27023729 6.84521655
4.9359763 2.40861082 4.66905856 7.20870141
-6.20359039 -1.09982286 4.28562244 7.61975746
6.13921583 1.31092344 5.01831582 8.0369139
0.695567071 -4.73650804 -5.29722032 7.13994854
3.51532819 6.42745282 1.87025028 7.56092045
-7.09263696 -1.0041479 2.88595485 7.72285876
2.28136472 -4.33609461 -5.71971636 7.53136752
0.68651879 -6.73494914 4.33412854 8.03837783
5.91171865 -3.83347028 -3.47982799 7.858315
5.77432985 4.50490966 2.04515165 7.60392935
0.724926951 -2.87405426 -6.32643759 6.98638101
4.8731253 -4.21144478 -3.59965853 7.37842523
3.42900201 7.21689757 0.154875874 7.99159883
-6.8356451 4.11650958 -1.21510768 8.07144236
2.23551823 -2.57243268 -7.77327184 8.48756188
-3.74853064 3.56327774 -2.89947926 5.92919979
4.22059457 5.68670027 2.76428699 7.60218791
-4.30357898 -0.377024357 5.64105008 7.10523647
-1.45805872 -1.18033862 6.95053965 7.19924551
0.458133055 7.10620776 -1.78430327 7.34110433
-2.73932233 6.45955273 -4.50664696 8.33903922
-3.05145791 -3.73308247 -5.53342777 7.3393544
7.56506253 1.34693847 0.497358367 7.70011556
0.260748343 0.977826919 7.72720083 7.79318727
-2.88291268 -6.39824198 1.05215043 7.09617549
4.57721185 -5.06943233 -1.91227046 7.09272802
5.51901981 1.36159761 1.02581222 5.7763153
2.17602791 -4.87593809 -4.11964402 6.74398522
-1.86472981 7.73381699 1.42878211 8.08273226
3.21678023 4.85625544 -3.72214271 6.91268676
-1.44444673 6.08110785 -5.03616273 8.0267823
2.46178691 -6.715542446E-02 -4.98943405 5.5641133
-3.35183846 -1.39034233 -6.39183108 7.35005969
-3.77303302 1.90282162 6.78846857 7.99623748
-6.53876935 1.95741581 2.861326192E-02 6.82552562
3.88112626 3.18364216 5.32770608 7.32005263
-4.13630452 3.93320651 -3.77618166 6.84387876
4.96268425 -3.11489867 -1.6655809 6.09138641
-1.39173192 -3.44753924 6.56857755 7.54775831
-5.96361618 4.44424919 -1.4679569 7.58096077
-5.35277443 -1.84047714 -3.85786634 6.85001335
1.65193703 7.60514899 1.79399018 7.98658799
5.86878953 4.07209792 -3.54456251 7.97424576
5.8760487 3.87981361 -2.23588929 7.38783479
-2.02462673 0.169096978 6.62059733 6.92531705
-1.22142198 0.910477048 7.24354161 7.40200886
-3.89048597 2.70962352 4.00622386 6.20707421
-6.21473786 2.58591011 0.825890102 6.78173962
-7.04521026 -1.78576606 -3.47484538 8.05596043
-7.27764095 2.92090648 -1.86773776 8.06127762
-0.137090882 -1.82421623 5.24355396 5.55350492
-7.45532657 3.22950681 -1.35969225 8.23774068
-1.4756322 -5.12393994 4.80859229 7.18016787
-2.53347377 1.2179251 6.43952023 7.02632561
6.09495318 3.0828926 1.19109176 6.93335277
1.32562811 0.309534845 6.60506478 6.74388482
-7.37005589 1.65892842 0.642538327 7.58172954
6.31250135 -4.15671575 -0.966357937 7.6196986
-5.63004436 2.84471032 -5.0813184 8.09997364
-0.745288449 -7.82467762 1.14390058 7.94289262
6.01637753 -2.49793905 4.12713989 7.7116653
-4.38709859 -2.00490371 -6.62595489 8.19570321
-6.6597243 -4.39694989 1.01400722 8.04445814
-6.89798449 1.56925316 -2.60044487 7.53704577
1.86926897 -5.95502255 -4.32222291 7.59197411
-4.59260275 4.91292722 0.895822404 6.78464087
-5.48375004 5.55875553 -1.19800044 7.89977738
-0.782778429 1.88152496 -5.52735295 5.89105329
1.76257763 7.66440443 2.15448503 8.15423699
-1.2445013 1.32396447 4.69630965 5.03557243
-1.56903467 5.97018465 3.42991646 7.06181999
-5.4384905 -0.681412582 5.96226358 8.09877083
4.0363703 -3.24290843 -6.01797531 7.93881396
-0.41658279 -6.3067484 4.20075412 7.58913379
3.69531842 -6.56641044 2.43650902 7.91894567
1.30882335 -5.7525695 -1.64133136 6.12364622
-6.95789661 2.13689821 1.35456919 7.40361512
7.11340651 2.51895091 2.39993623 7.91867159
-5.79438699 -0.674592265 5.46897872 7.99623183
5.89201545 -1.29412418 3.89914344 7.182891
-0.166846069 -5.694377 -4.20114362 7.07837373
2.74974882 6.19090965 3.26246112 7.51878537
-7.35165196 -1.64053507 2.79231307 8.0333775
1.84388526 -4.59499482 -5.18158605 7.16677922
2.47837278 -5.78369524 4.31595419 7.63026362
5.5961846 -3.70073866 -4.74451827 8.21725029
6.05043483 3.04032092 2.73615573 7.30327742
0.341324933 -3.25044184 -6.25855491 7.06055128
4.1742722 -4.59823409 -3.59475923 7.17569502
3.19351831 7.3692847 0.225000954 8.03464633
-6.60708594 3.35142746 0.334543298 7.41603464
2.68359253 -2.54234149 -6.84887021 7.7828139
-4.44967353 3.98485079 -1.7728668 6.23070518
4.15289032 5.65659552 3.07531544 7.66166665
-5.87723896 -0.340137405 5.07964841 7.7756324
-1.47058408 -0.470675241 7.29602307 7.45762062
0.928160286 7.09339129 -0.404007369 7.1652567
-1.68880702 6.3939881 -5.54632307 8.63115592
-1.9667585 -5.78930662 -2.31316242 6.53719592
7.40642239 1.79215862 -0.312946327 7.62658906
0.491678326 0.990082504 8.15062943 8.22525203
-2.90406074 -5.98646782 2.08180851 6.97174959
3.98022803 -4.13240642 -2.80388305 6.38598137
5.61330491 2.08051361 1.69906215 6.22290456
4.54482118 -2.87086555 -4.08221337 6.7499433
-0.54644905 7.29505499 1.22205256 7.41686229
3.60584483 5.01129548 -3.58227139 7.1377775
-2.38461039 5.11521904 -4.34187989 7.12065682
2.49804738 0.426602206 -5.85810589 6.38276075
-0.557432017 -1.1825315 -7.11463414 7.23374939
-3.48539405 1.77805358 7.61311265 8.55972724
-7.06095278 2.02196478 2.13876813 7.64981861
3.50504981 3.4358312 5.75880862 7.56664965
-3.19021309 4.49472096 -4.57286873 7.16178082
6.05311822 -3.27722157 -1.06625866 6.96543817
-1.8058972 -3.1062775 6.16339391 7.13425883
-5.96212675 4.864694 -0.916213646 7.7493
-4.9275473 -1.4288293 -3.80168158 6.38553509
1.10695363 8.10970341 0.942147936 8.23894887
5.88032075 3.2256566 -4.15662813 7.89053801
6.1484029 3.94804556 -2.11000315 7.60539514
-2.05898553 0.754243976 6.73137065 7.07952373
-0.51758226 1.2961189 7.47039784 7.59964864
-4.60420021 4.20621424 3.21933845 7.01819335
-7.01326899 3.06106364 -1.25379741 7.75422855
-6.60874862 -2.36522408 -2.89896426 7.59432927
-7.6531202 1.54663866 -2.01643366 8.06401542
2.09370757 -1.40277359 4.87401978 5.48702597
-7.02833555 4.23804326 -1.03528 8.27226184
0.158542085 -4.82457622 5.57837483 7.37698699
-3.22208493 0.466199198 6.35421089 7.1396897
4.85524006 3.513606 0.2284195 5.9975794
2.0068632 0.932886294 5.53315712 5.95932919
-7.39033451 1.76076565 0.84111414 7.64361255
6.1181659 -3.93396514 -0.549655824 7.29452927
-4.07012114 1.17871688 -6.51504828 7.77181534
-1.21073657 -8.21505681 1.48105656 8.43484262
5.32429653 -3.89660041 4.35148264 7.90360864
-5.46741309 0.763553297 -5.84672838 8.04113501
-6.74700973 -3.67372825 0.404512511 7.69298706
-6.4518363 2.06112907 -3.8886617 7.8100022
3.24099206 -5.72176095 -4.32545271 7.87096684
-4.05430709 5.85697081 -0.748769599 7.16255324
-4.40704365 4.9858948 -1.88243048 6.91554229
-1.07475239 0.605025097 -5.88681333 6.01462545
1.22863069 8.00027084 2.34436072 8.42673686
0.860002782 2.82422095 4.96592926 5.77722097
-3.11755757 6.64290452 2.96616232 7.91488879
-5.71780251 0.501536439 5.73874456 8.11652595
3.67670804 -1.34296675 -6.70381132 7.76291363
-1.51842935 -4.19333767 6.12951169 7.5802785
3.35501253 -7.61494633 2.767952 8.76955386
1.43935618 -5.33923842 -1.82738491 5.82396332
-7.71600105 9.204885035E-02 -6.444799036E-02 7.71681921
7.79377823 2.05604519 1.0346211 8.1265455
-6.12468202 0.375196219 4.75829191 7.76491107
5.56795473 0.16128531 5.12900321 7.57197509
-0.439228565 -6.57930187 -3.35888839 7.40015311
2.71847621 6.48097372 2.16524834 7.354008
-6.50853048 -0.656051148 4.52114181 7.95186112
1.53014278 -3.48184767 -5.99886524 7.10288563
2.08661703 -6.003812 4.55744293 7.82112622
5.81675067 -4.04205101 -2.6751149 7.57159194
5.17760577 3.63041101 3.0511201 7.02116938
0.573901026 -2.99685808 -6.39995766 7.09013249
5.25903248 -4.57686253 -2.01979732 7.25842094
0.89314219 8.08780753 2.10981068 8.40604751
-6.43178812 4.68819305 1.34042223 8.07116994
3.09773073 -3.07649479 -6.94794691 8.20577371
-3.71273929 3.6118045 -1.61189049 5.42473555
3.76277621 5.5366081 3.38985814 7.50357597
-5.18769363 -0.572337675 5.82034709 7.81768354
-1.86710104 -3.32242645 5.75157038 6.89964822
0.431587137 6.92595034 -2.77213531 7.47260261
-2.47606455 6.52631999 -3.27637409 7.71092572
0.12724529 -5.5647904 -4.89202892 7.41046764
7.51381823 2.03577537 1.21437135 7.87886689
-0.344515176 0.684067001 8.15309211 8.18898951
-1.71141977 -6.43379629 0.375065923 6.66808569
4.10136761 -4.55217186 -2.50546343 6.6197305
5.8117836 2.21700321 2.48098543 6.69680674
3.27326131 -3.18935741 -5.71981535 7.32137473
-1.12098277 6.67049294 2.12501951 7.08997788
3.40731876 5.10322145 -3.72926182 7.18053507
-3.04019335 6.01022718 -4.79859763 8.26995439
3.01358406 0.69231789 -5.68998931 6.4758761
-2.7525778 0.335799659 -6.71813726 7.26793053
-4.07073084 3.20068206 4.78135744 7.04816247
-7.94701811 1.86560237 0.913593592 8.21402595
3.71204422 3.91734764 5.04421127 7.38708009
-1.83920986 5.35567222 -3.76526377 6.80023008
6.19178634 -4.62354285 -6.909325556E-03 7.72757493
-1.17838254 -2.57630406 7.01671913 7.56705196
-3.47019751 3.41039207 1.55273966 5.10725418
-5.33342096 -0.776784353 -4.27162431 6.87717582
1.40338496 7.55805548 1.65148272 7.86263869
5.70608391 4.34089434 -3.5390386 7.99547069
6.61063299 2.58027979 -2.56308013 7.54504421
-2.69092438 6.170148775E-02 6.65971258 7.183081
-1.2811993 1.04709706 7.44410511 7.62578421
-4.08023808 4.51448436 3.13800024 6.84660188
-6.3796911 2.50914461 -0.317845263 6.86274659
-6.79425442 -2.78615126 -2.2418682 7.67792322
-7.01323365 4.29454415 -2.47968049 8.58937547
0.657191362 -0.120669279 6.26115923 6.29671155
-7.14128816 4.57711858 -1.33830557 8.58714579
-0.53684245 -5.15918121 5.14361158 7.30493604
-3.61283918 2.632908707E-02 5.81840279 6.84887663
5.01776449 3.63444122 0.702307989 6.23541177
1.67388162 -2.19224151 7.44586578 7.94032239
-7.4199649 1.97821195 1.16691708 7.76729664
6.67856359 -3.65639815 -1.36318657 7.73503308
-4.06400997 1.66589963 -6.48001537 7.82828192
-1.18520999 -7.91032188 0.479307042 8.01296763
4.41477291 -3.63821169 4.48334885 7.26823369
-5.7836621 1.04992151 -5.36498427 7.95840051
-6.48881519 -3.6040134 1.66756963 7.60752414
-6.05545997 1.98753798 -3.20685688 7.13462219
1.83468871 -6.05339797 -5.31854175 8.26417546
-0.685797499 7.23830317 -0.778254909 7.31225216
-3.57323938 4.80213 -3.07434237 6.72904698
-1.38230771 0.918145573 -5.46944078 5.71564068
1.37865469 7.71951608 2.58132255 8.25559467
0.898941248 1.63147158 5.87066124 6.15909557
-2.02060192 6.12763042 4.04784498 7.61680613
-5.99314359 0.570687473 5.37368869 8.06969543
2.64166637 -2.23327196 -5.59402809 6.57716163
-2.15665015 -5.54863562 5.86656472 8.35793508
2.47348464 -7.62872565 1.47908345 8.15495365
3.51722554 -5.82531651 -1.53439755 6.97564075
-6.24301247 3.14464348 2.26816868 7.34905276
5.24413604 4.06755993 1.94896956 6.91697108
-6.42133486 -0.379008769 3.92149192 7.53361055
5.74726042 -0.310603885 4.35853657 7.21971732
-0.70804815 -6.17201971 -2.81816967 6.82182085
3.11622362 5.71011165 0.925962494 6.57066445
-7.49144062 -1.19059419 1.97034592 7.83718445
1.26990418 -3.12275175 -5.96965335 6.85572726
3.70416063 -6.88838992 3.83109522 8.70907643
5.81443641 -4.5008728 -2.55857606 7.7853605
4.46728204 2.87467236 3.81893989 6.54252641
0.603194455 -3.41766699 -5.24647166 6.29044959
3.89487736 -5.28777979 -2.92985663 7.19129645
2.37189788 5.95199843 3.984481 7.54508275
-6.55440421 2.24117936 0.883194009 6.9830603
4.58039008 -4.57188499 -4.73845923 8.0209165
-4.52207057 3.39184773 -2.1065988 6.03253775
4.00931296 5.70093049 2.7882091 7.50661767
-3.92548491 0.167085 6.24107778 7.37484922
-1.47364565 -2.38245487 6.83384978 7.38574475
-0.196080203 6.60605637 -1.42411799 6.76066123
-3.37200986 5.65427189 -5.07197079 8.31060339
-0.751001757 -5.49837246 -5.33796168 7.69999599
8.01153013 0.528641685 1.16313935 8.11276588
-0.787442607 1.67756477 7.07678426 7.315406
-2.86791719 -6.28357114 0.438522359 6.92101995
3.00852106 -5.41078031 -2.97895401 6.87036458
5.66914293 1.75416924 1.85361224 6.21708691
3.58320132 -3.27520383 -4.27390665 6.46781028
-2.27238006 6.69537621 0.921895907 7.1303342
4.48783637 4.57551492 -3.54210965 7.32274217
0.451583012 3.96647247 -7.01817159 8.07412927
4.25269828 0.939053562 -6.05133825 7.45559916
-2.86785116 1.02364234 -6.21678099 6.92248365
-4.51061708 3.06320705 5.57450607 7.79769337
-7.12298153 1.85659136 0.396886067 7.37165626
3.76980851 4.18702549 5.08647221 7.59044387
-2.62848731 4.36936912 -4.86781302 7.04953443
5.49203609 -3.95545445 -0.450405378 6.78313684
-1.50740865 -3.14869632 6.61173338 7.47673643
-6.87835355 3.08063707 -0.621097711 7.56226385
-4.86722593 -0.480366127 -3.67178504 6.11577021
1.85414322 7.46185531 1.80678963 7.89820362
6.59536312 2.83592591 -4.33459922 8.38630079
6.95812285 2.48905264 -2.54614769 7.81624748
-1.12008179 0.325213251 6.40446626 6.50980299
-1.96205138 1.14844134 7.81036317 8.1345151
-3.54359201 2.81816336 4.59656738 6.4519393
-5.60262555 1.83326819 0.121879059 5.89619706
-6.64056 -1.32894545 -2.52878217 7.22896067
-7.32854847 3.28737887 -2.36921365 8.37422569
1.66574389 -1.29478828 6.23730096 6.58445918
-7.16406989 4.28122853 -1.64333385 8.5060779
0.952503556 -6.02549635 4.52757539 7.59689464
-2.72953336 -0.814398562 6.5154826 7.11091491
6.19623429 3.64758551 0.918690008 7.24859922
1.75469202 -0.696305322 6.54744712 6.81416532
-7.1428535 2.04764007 1.42009969 7.56504257
6.56604532 -4.00601492 0.227835813 7.69499941
-5.20687065 2.03942208 -5.46621957 7.81986578
-0.338118831 -8.04049395 -0.354684372 8.05541236
5.07615472 -4.02308831 5.20343727 8.3083299
-4.99703704 1.12337309 -6.22261321 8.05935863
-6.69408518 -3.74663694 0.814009628 7.71431633
-5.8158241 1.56165265 -4.23482893 7.3618167
1.53724601 -5.8965722 -4.91195155 7.82687402
-2.96485817 6.66025383 2.852441616E-02 7.29041691
-5.34975557 5.22299877 -1.79622195 7.68934419
-0.645680828 2.6629012 -6.01563541 6.61028108
1.34978678 7.71965904 0.233184658 7.84024458
-0.56798464 2.13014435 4.31479602 4.8453675
-4.08809747 6.69510031 1.12189014 7.92436411
-3.99834326 -0.715712135 6.65066525 7.7929674
2.26250043 -2.2509813 -6.57514352 7.30878495
-3.43308975 -2.58968842 5.16566463 6.72136016
2.54301858 -7.44329962 1.32202391 7.97605165
2.92534095 -5.7075407 -1.13677763 6.51351702
-7.93320815 1.48701578 -0.973353564 8.12984776
6.35908275 3.06402894 -1.52746328 7.22214309
-6.26667212 -1.83888966 2.39621676 6.95661911
6.02649943 0.26825642 5.49049747 8.15697367
-1.41956161 -5.32756949 -1.82475512 5.80757119
2.92275567 6.48698677 1.80203836 7.33967576
-6.42675166 -1.0274987 4.02078803 7.65020437
1.64099175 -4.12662619 -5.77252069 7.28312384
2.16785691 -6.41205103 4.25399974 7.99440528
5.30898908 -5.1164137 -3.43144954 8.13252115
5.51714945 3.66950221 3.87893995 7.67791376
0.357480672 -2.17297138 -6.75269256 7.1027075
4.33866141 -5.73996855 -3.77149293 8.1237541
2.19878792 7.67844161 2.72374523 8.43871566
-6.31923475 3.01009931 1.71596939 7.20680072
3.00043923 -1.92312847 -7.30477979 8.12778361
-2.56146647 4.26063887 -1.64582228 5.23668646
3.92904613 4.94413932 3.54715761 7.24322057
-3.05193594 1.86867771 5.02926818 6.17250417
-2.25227225 6.845989359E-02 7.34456868 7.68245444
0.155553791 7.15716557 -1.91406669 7.41032167
-2.27188892 6.31208884 -4.58270548 8.12435439
-1.17008184 -6.36291248 -3.86671785 7.53705869
7.69959303 -0.377332101 2.45272099 8.08962005
-6.07454186E-02 1.53986651 7.30732004 7.46805229
-1.6195276 -6.87333223 -8.276340966E-02 7.06204046
4.56293158 -4.62938978 -2.13304696 6.84116099
6.1831397 1.74752747 1.87123449 6.69227818
3.18838711 -3.27439953 -5.76826226 7.35937186
-1.76903877 6.43803328 2.75433521 7.22247417
3.33330636 5.15582787 -4.15301742 7.41222274
0.286074831 4.8659281 -6.6584757 8.25193273
2.76233896 0.498131024 -5.75624699 6.40414167
-3.19527599 -2.83592608 -5.84636868 7.24101458
-4.75542251 3.40631977 5.49728037 8.02727532
-7.51589271 1.75652822 0.308635394 7.72458998
4.1426631 2.55123942E-02 5.82884047 7.15106214
-3.7056764 4.20710026 -4.45398854 7.16028939
5.71170259 -4.84352135 -0.818382533 7.5334584
-1.34151698 -2.71667515 6.57825816 7.24247693
-4.41715177 4.77438775 -0.796266372 6.55286566
-5.62272366 -2.57059823 -3.84456028 7.28035991
0.128750945 7.72242264 1.53535993 7.87462497
6.09451306 2.59265594 -4.06242963 7.76970326
6.78019089 3.51321619 -2.17593074 7.94029918
-0.863410436 0.128417916 6.22550361 6.2864031
-2.6906895 1.19922595 7.09925589 7.68618156
-4.05285913 3.58817349 3.7488358 6.58440779
-5.91071272 1.73062288 0.656556738 6.19375872
-6.81760008 -2.02034892 -2.13726469 7.42491623
-7.26301361 2.84792302 -2.33002823 8.14193244
0.845403208 -1.35964475 5.95008004 6.16171997
-7.10886662 4.11137412 -1.07607962 8.28235046
0.834435643 -5.58839288 4.87053615 7.45979492
-3.1219183 -0.423336493 6.40572246 7.13854802
5.69693622 3.68229612 0.744217272 6.82409308
1.80326422 -0.427696572 7.14850675 7.38483818
-7.04538046 2.3480045 2.765778317E-02 7.4263905
6.57815046 -3.91252776 -0.367974529 7.6625937
-4.43508386 2.01636831 -6.19421602 7.88061051
-2.29800632 -8.36094379 -0.820444878 8.70972697
5.36733762 -3.24511354 4.85726784 7.93297711
-5.16820662 0.424147669 -6.3053901 8.16383521
-6.33083338 -4.54453756 0.736518086 7.82781782
-6.89384054 1.93507375 -3.22871885 7.85456384
3.51324768 -5.73205275 -4.7698796 8.24324508
-3.86893094 6.68232183 1.55803937 7.87715293
-4.3789528 4.5841306 -1.90457551 6.61943267
-0.929040051 1.75702371 -6.60526495 6.89780927
1.57048389 7.3622924 2.31298123 7.87525562
2.6695132 2.94595182 5.37518875 6.68562539
-3.39213035 5.74693826 3.46449489 7.51908056
-6.6934795 1.81659617 4.26526463 8.14218471
4.80554283 -0.753600496 -5.52192988 7.35886303
-0.935219636 -4.82059547 6.14803597 7.86836214
2.43863442 -7.84754331 2.52272818 8.59622192
2.36561843 -5.52223145 -2.21130833 6.4016463
-7.28946686 2.14140215 -1.95237361 7.84434147
7.14728928 1.68048044 -0.449234259 7.35592074
-6.20593837 -1.73399787 4.18738277 7.6846987
4.68769422 0.454672499 6.84847908 8.31161054
0.28014571 -6.18085892 -3.52140738 7.11911572
2.78859824 5.6438532 1.06047182 6.38388279
-7.66547412 -0.993707142 0.366930632 7.73831929
1.52262115 -3.77087527 -5.9543184 7.21053278
0.284707239 -7.00228497 4.38575791 8.26728042
5.30243054 -4.62691073 -2.74715888 7.55453205
6.44424153 4.06539159 2.44792723 8.00299978
-0.192739071 -2.518602 -6.46252273 6.93863851
4.82216841 -4.58436428 -3.18821589 7.37796886
1.4661016 8.02548166 4.904224939E-02 8.15844439
-5.44642548 4.73512226 2.19233744 7.54263063
2.50678879 -3.10397044 -6.86619526 7.94123793
-3.63469027 3.74672799 -2.32034439 5.71252502
2.44294627 6.03023291 3.76561174 7.51741493
-4.40686741 -0.723036576 5.56553977 7.13571967
-4.47222645 1.31708515 6.01460623 7.60992844
-0.83078977 6.38587691 -2.69742836 6.98181605
-2.14231943 6.23132914 -4.76597935 8.13225396
-1.22870892 -6.0558612 -3.57907498 7.14093539
8.01753064 0.776221107 0.292029543 8.06031004
0.322085815 0.85956633 7.66156095 7.7163534
-2.16055515 -6.64004407 0.584925719 7.00716219
4.29572555 -4.90544777 -2.62937465 7.0306676
5.82055832 1.60889254 0.724588038 6.08214289
3.63754146 -3.84603778 -4.83148832 7.16707708
-1.64661581 7.39959811 0.585653179 7.60318259
3.89664217 4.9214602 -3.36865353 7.12407308
-1.88985794 5.43472143 -5.65873213 8.07025461
2.92637317 1.33008253 -5.7017801 6.54546223
-1.12629568 -1.42736133 -7.32280974 7.54516035
-2.67207894 5.20469214 5.11262525 7.76966943
-6.70632846 1.73460308 0.871319215 6.98161059
4.93734246 -0.320726744 5.38930596 7.3160669
-4.29941801 4.66668358 -3.88427175 7.43979152
5.26556427 -4.67814805 -0.314881063 7.0505593
-2.50392097 -2.10544486 6.58668301 7.35438042
-5.02139387 5.12895701 9.246877076E-02 7.17838052
-4.87260922 -0.975638736 -3.64050409 6.1601511
2.81475929 7.46403144 0.88530603 8.02610752
6.53348303 3.91349641 -3.77571296 8.50046252
6.41003815 2.91172552 -2.11847371 7.3521878
-0.457645941 0.69209659 5.8003397 5.85938376
-1.01694334 2.03907361 6.72946083 7.10476165
-3.81686382 2.68783982 4.39115079 6.40898881
-6.39395972 2.58529206 0.141037658 6.89828584
-7.14190124 -1.60233485 -3.39805492 8.06975883
-7.40147867 2.89152418 -1.90745577 8.17197565
0.620478722 -1.63381524 5.6015536 5.86785726
-7.18282241 2.98188138 -1.4804687 7.91683914
1.13494157 -6.44845686 4.53542421 7.96497087
-3.39906215 1.39270161 6.56552919 7.52325825
4.21940898 3.97257925 0.392050163 5.80848529
1.66720614 -5.740008252E-02 6.71707212 6.92112195
-7.27699823 1.61528732 1.23029599 7.55496423
6.2549957 -3.05978983 -0.849226569 7.01487497
-5.85690843 2.41507389 -5.02655887 8.0871659
-1.72436976 -7.46219078 -1.16496907 7.74692812
6.34258822 -2.99500975 4.44654378 8.30483355
-4.99626447 0.486704897 -5.59625015 7.51781591
-6.8466621 -4.48606218 -0.30507965 8.19112992
-6.31859652 2.41572716 -3.80595582 7.76181032
1.98711945 -6.384982 -4.44455419 8.02936491
-3.12991218 6.69608347 -0.35214958 7.39985767
-4.31904494 3.79972359 -2.831675 6.41174172
-0.722791253 2.60650938 -6.6983376 7.2238525
1.4237418 7.83443351 -0.180864643 7.9648039
-1.09229422 2.66501297 4.64965643 5.46943376
-4.10844535 7.06996696 1.28321969 8.27710147
-5.44839814 -0.227500606 5.95473083 8.07438035
2.94195091 -3.4236232 -5.64830705 7.23046634
-1.27395147 -6.08636136 4.3818424 7.60705526
1.99478445 -7.30875387 2.21367266 7.89286987
3.27010782 -5.63540796 -2.33448333 6.92107221
-7.40886084 0.676443408 0.126718791 7.44075616
6.63322123 2.62167713 1.59143854 7.30790609
-7.03414233 -1.03072435 2.27901259 7.46561781
5.48036384 -0.323278087 7.1431735 9.00909675
-1.36669724 -6.10711605 -4.52812204 7.72454639
2.75235552 5.83214355 0.377241748 6.46000546
-8.13429846 -0.413281571 3.1323078 8.72633745
0.475346077 -2.87966616 -5.76142228 6.45851514
1.93354611 -5.96672777 4.24114728 7.57151049
6.69821642 -3.97443927 -2.68443744 8.23823252
5.97986086 3.63416566 2.39078155 7.39470976
-4.514639127E-02 -2.47299391 -6.653941 7.09877933
5.44995418 -3.48395625 -4.25507597 7.74245589
4.19545405 7.04189915 1.12165143 8.27334758
-5.88204337 4.36502751 1.81738923 7.54684059
3.69125621 -3.72555167 -6.4083691 8.28083946
-4.69856449 3.43004611 -2.08244676 6.17885985
4.16215342 5.06692087 2.87577047 7.1601162
-3.42945131 0.634204578 5.54194092 6.54801198
-3.29542976 -1.71206046 5.52092926 6.65369583
0.487689683 7.23835521 -1.3595 7.38104786
-1.5432151 6.80415168 -4.02954371 8.05699792
-1.01758768 -5.30124745 -4.26662916 6.88061288
7.92035797 1.39001526 -5.702647836E-02 8.04160835
4.162951202E-02 1.58710802 7.34282414 7.51250366
-2.40801627 -6.67618064 0.354015422 7.10600149
4.64864093 -5.20971873 -1.92755213 7.24337552
5.86622579 1.87243736 1.94027442 6.45625987
2.66311938 -3.56952198 -5.85435091 7.35575398
-0.795000645 6.92323802 1.19743744 7.07086325
2.77410209 5.75783742 -4.3227991 7.71588791
-1.68143528 5.73203123 -4.90216479 7.72752394
2.14476747 1.31821221 -5.55456394 6.09843353
-1.70852023 -0.897638103 -5.81411726 6.12607175
-3.15252016 3.10132162 7.01525393 8.29279005
-7.29911573 1.8899186 1.22746588 7.63908079
4.72941777 -0.682331842 6.81172784 8.32061328
-4.21152711 4.26162674 -3.39309786 6.88560354
5.3685213 -4.97332976 -0.303190557 7.32440812
-2.01150956 -3.56440513 5.99716671 7.26065859
-5.77908278 5.08885801 -0.314402428 7.70669336
-5.57106606 -2.58995156 -3.20944717 6.93146286
3.03996969 7.21196484 2.45812059 8.20342669
5.78918121 3.30071616 -4.20538707 7.88001438
5.65928626 3.92925094 -2.10342926 7.20353722
-2.00533639 0.670702535 6.24125185 6.58972235
-1.1727185 2.91265538 6.66841132 7.37065394
-4.34313989 3.08865741 4.44679134 6.94093812
-5.99147022 2.54357861 -3.094753974E-02 6.50910633
-6.78936033 -1.79414185 -3.29623713 7.75754715
-7.24080156 3.49595696 -2.87574419 8.53936923
0.471336209 -1.44790532 5.86943411 6.06373189
-7.35705054 4.02925205 -1.52763041 8.52611983
1.07535786 -5.00313857 5.57059343 7.56434407
-2.67595533 3.082137632E-02 6.52208483 7.04977145
4.12430733 3.78978309 0.986430687 5.68730272
1.98984846 -0.920041608 6.80940119 7.15359477
-7.37823646 1.6964456 0.432068378 7.5830722
6.29784575 -4.22520382 -1.08861838 7.66161199
-5.11444399 2.53536302 -5.66172227 8.03994415
-0.591633899 -8.19232003 -0.622321844 8.2371975
5.35408429 -2.60384283 5.65404367 8.21062884
-4.82263953 1.47022931 -6.1688509 7.96706644
-6.66718327 -4.10981313 1.02491631 7.89888285
-5.36753372 2.34694384 -4.06836622 7.13233253
2.99516635 -6.04642826 -4.39908646 8.05495362
-2.69124821 6.49609602 0.536219471 7.05192256
-4.12304195 5.11727769 -1.71341933 6.79130412
-1.11047478 0.557296234 -6.18400733 6.30758908
0.490234542 7.80715611 1.09917016 7.89937918
0.910535335 2.99621336 5.82522196 6.61359055
-4.19409795 6.60562359 1.30117274 7.93207231
-5.44907291 2.20210054 4.75095531 7.55732881
2.44047779 -1.91694192 -6.20761322 6.9401052
-2.45563759 -4.3268972 6.46308532 8.15620422
2.61091665 -7.65719827 1.98079982 8.32905391
2.35377133 -6.17111496 -1.62268375 6.80117651
-6.71558951 -0.446011381 1.32434129 6.85944228
5.44362254 3.93969691 -0.356835644 6.72915818
-5.69500529 -2.54691285 2.52915408 6.73175094
6.85063898 -0.282104999 4.88069099 8.41617385
-2.24430594 -5.16364235 -3.99069257 6.90114038
2.46209544 6.1493719 2.2957661 7.01050859
-6.99555485 -0.83681526 3.85704179 8.03211172
0.631074984 -3.60804322 -6.53126876 7.48823765
1.5105368 -6.56661989 4.78097498 8.26195739
5.80590306 -5.45400792 -2.2765121 8.2847583
5.22952058 2.76969991 3.92842311 7.10293117
0.401482288 -2.97145304 -6.51924085 7.17573846
3.74072327 -4.27256875 -3.84990917 6.86073283
0.262682387 7.62451956 2.1047387 7.91405241
-6.11568211 3.35548379 1.43958611 7.12272752
4.06409427 -4.7507425 -5.36944541 8.24119898
-4.05624993 4.38037262 -1.9456001 6.27902759
3.91130033 5.23732802 4.18281584 7.76040098
-4.7012547 0.958814822 6.38129024 7.98385788
-3.66542111 1.061275239E-02 5.98220526 7.01585378
0.254599103 6.65421839 -2.91248067 7.26814878
-1.66369107 6.84824218 -4.38873752 8.30224704
0.382058638 -6.2106626 -4.18116585 7.49669571
7.88099683 1.0262602 0.29247141 7.95291523
-0.173340034 0.869466891 8.67889907 8.72406491
-3.17716573 -6.49363192 0.246713644 7.23342969
4.81523622 -5.08006984 -2.1332365 7.31739758
6.150247 1.58317047 2.76592317 6.92692557
2.60688024 -3.3726627 -6.29007984 7.59840659
-2.18036926 6.66853394 1.76969034 7.23568648
4.38075046 4.20480265 -3.73093751 7.12679694
-0.17773908 2.69822211 -6.74823671 7.26984817
1.60686011 1.02444301 -5.95988445 6.25713238
-3.11267171 -1.06333968 -6.41985883 7.2134599
-4.50265892 4.17515176 4.84781228 7.82349752
-7.57407907 2.00910081 0.159132693 7.83763249
4.81162465 -0.22060604 6.33400261 7.95738574
-1.27292156 6.48740194 -3.39969213 7.43401775
5.61970167 -4.00038049 -1.46543172 7.05206218
-0.951408864 -2.3807875 7.39287437 7.82482712
-4.94435397 4.18747323 0.200674031 6.48242534
-6.57643152 -0.722032807 -3.3344703 7.40874316
1.00168826 7.50161244 2.04847693 7.84052462
6.14155294 3.97949582 -4.03651819 8.35754381
6.04755429 4.08106762 -1.72865076 7.49775028
-0.780802201 0.902104048 6.22484721 6.33815166
-0.330022832 3.43539903 6.6697247 7.50973429
-4.74144937 3.43295717 4.00144958 7.09070771
-6.46765593 2.49047788 -3.795719342E-02 6.93069218
-6.45024074 -1.37637331 -1.88021224 6.85822186
-7.03886044 2.24269324 -2.40072823 7.76780054
1.42656585 -1.27018143 6.46313817 6.73948114
-6.8929511 4.69253481 -1.45762744 8.4650656
1.15587745 -6.11560534 4.50712696 7.6844567
-3.25195026 0.189925852 5.87708737 6.71947976
5.79980536 3.20502803 0.704634164 6.66381694
1.76534316 0.714575707 5.8152246 6.11914145
-7.33977712 2.06203503 2.08826452 7.90475587
6.20972867 -3.66019993 -0.699193196 7.24200696
-4.71877623 2.02455222 -6.07906737 7.95743181
-0.815393089 -8.25875472 -0.122086698 8.29980726
5.23135002 -3.60207561 4.67064785 7.8839662
-4.16919732 1.22123934 -6.62912235 7.92583718
-6.4173788 -4.13145143 2.48990718 8.02815541
-6.94413477 2.2139279 -2.19991771 7.61328591
0.146499942 -5.80431292 -5.94879502 8.3126213
-5.06618372 4.38962614 0.126905257 6.70456114
-6.13984924 4.74932374 -1.62084807 7.9297524
-3.829008E-02 2.07531861 -6.75878448 7.07033104
0.485270824 7.47016125 2.90121688 8.02844046
4.943444113E-02 3.01863881 5.60719996 6.36830554
-2.65480491 7.18976574 3.1506732 8.28658326
-6.79182178 1.71989192 4.0727955 8.10398263
5.811017677E-02 -1.57111139 -5.61179965 5.82786951
-1.98840828 -4.40072042 6.01935557 7.71704277
1.28112619 -6.61015708 2.33565013 7.12676101
2.02237073 -6.04660997 -0.833321691 6.4300778
-6.7483765 0.334333155 -0.353567611 6.76589788
7.40612507 2.45120508 1.91795294 8.03353213
-7.05017176 -0.736766585 1.49550039 7.2446027
5.85251064 1.12176585 5.02178582 7.79285392
-1.94138497 -5.76843189 -3.74381723 7.14562451
3.3656912 6.61293015 2.19221415 7.7372169
-6.98609469 -2.13441574 2.64353807 7.76849684
-0.176076093 -3.55593852 -5.39968556 6.46778986
1.71463121 -7.04664075 4.54301152 8.5576901
5.91274135 -4.21585608 -3.16837655 7.92291378
4.5177458 3.48825091 3.41433765 6.65098663
-0.500672738 -3.56024461 -6.79928758 7.691315
5.50827695 -4.70048504 -1.80219695 7.46214368
2.36226839 6.90769746 2.69230442 7.78107315
-6.01580492 4.74743819 1.56768508 7.8221298
3.70154839 -3.87406758 -6.64976621 8.53986245
-3.17348925 4.47550469 -1.88635081 5.80168041
3.05543757 5.76868524 3.63243582 7.47047643
-2.5970186 -2.65402216 5.34123871 6.50516489
-4.23493274 -0.905144287 5.85056007 7.27894186
-0.925566648 6.75226009 -2.60286056 7.29551733
-1.94318337 6.51824073 -3.69581155 7.74095903
-1.74565819 -5.00459606 -4.06365564 6.67881736
7.53782611 2.39543812 -1.16284659 7.99432039
-2.13182808 1.01781651 8.01553366 8.35640002
-2.70809798 -6.52726578 -0.700843785 7.10142065
4.57010396 -4.54917395 -1.77990943 6.68946271
6.02400493 1.93893308 2.13193556 6.67781746
4.70722371 -2.8352352 -5.73262892 7.94100423
-1.01633913 6.98709888 1.90611166 7.31339577
4.2203452 5.27133375 -3.50029872 7.60594269
0.627476649 3.39226402 -7.3991515 8.16386091
1.33224135 1.01645736 -5.87525833 6.10955916
-2.7114355 0.108762379 -7.16045571 7.65740412
-2.804798 2.71045591 7.24424635 8.22754935
-7.1394794 1.66596908 0.825094582 7.37756058
5.12358199 0.389904835 5.43712452 7.48100536
-0.897004435 6.92233338 -0.945346811 7.04393334
5.2430435 -4.7292975 -0.603795548 7.0866303
-1.4465104 -2.42010128 6.84091866 7.39915202
-5.79964719 4.06877956 -1.31188124 7.20499181
-5.27533664 -1.91608572 -3.31047971 6.51612131
2.54049497 7.44385421 1.62670457 8.03188944
6.06868122 3.28881523 -4.60416613 8.29720092
6.51649818 3.21154672 -2.65248588 7.733981
-1.66388536 0.799715843 6.0772452 6.3514541
0.356575337 2.75418546 7.44813328 7.94904855
-4.37984166 3.44335726 4.25221835 7.00864345
-5.72920099 2.42735533 0.831487425 6.27751298
-6.86486261 -2.45703077 -2.84477688 7.82662726
-7.37564919 2.4782865 -1.6727735 7.95866045
0.332803232 -1.06169312 5.82241722 5.92777298
-7.19090652 3.59113044 -2.07035129 8.30010294
-2.36018382 -5.16947099 4.3025636 7.12782937
-3.04083531 -0.277196087 5.49635421 6.28756126
6.07442809 3.302978 0.714957333 6.95122323
1.17264234 0.10672992 7.84863851 7.93647326
-6.82181891 1.83956004 1.47143996 7.21708598
6.09973884 -3.93722576 -1.399231159E-02 7.26007964
-5.20320192 2.02244704 -5.02230949 7.50914075
-2.49777882 -7.70854705 2.40734964 8.45316088
5.90547074 -2.78794269 4.53746764 7.95209543
-4.51983286 -0.119919546 -6.3635967 7.80632005
-7.18733803 -3.59074761 1.66103409 8.20428733
-7.12915705 1.33126761 -3.09251182 7.88421099
2.20625153 -5.9229465 -4.390551 7.69582868
-4.16413425 5.94326024 -0.375781697 7.26660637
-4.29455189 5.76131568 -2.02119021 7.46465968
-1.18031936 0.995785449 -5.79534756 5.99756582
0.767400783 7.84944201 3.63867212 8.68576874
0.68602511 2.78404125 5.79947644 6.46957828
-3.62048798 6.2022552 3.15654529 7.84472312
-5.66786244 0.605346522 5.33198413 7.80520108
2.80969728 -2.50621388 -6.39958051 7.42496717
-2.25042567 -4.79153916 4.93986585 7.24054817
2.99745068 -6.78933919 2.3133756 7.77377283
2.54567593 -5.76171125 -1.69605255 6.52337158
-7.02661729 1.28315796 2.39041047 7.53219139
6.06006057 3.04719836 -2.11196342 7.10423405
-6.05554515 -2.10377849 4.29807653 7.71809386
7.00361966 0.395254677 4.00283693 8.0764855
0.562763872 -5.69856419 -3.86639678 6.90936763
3.35879083 6.48176331 2.3168845 7.65915695
-6.20844912 -0.932266308 4.75421361 7.87505606
1.1555204 -4.71072571 -5.6018388 7.40990972
2.89801951 -6.29238951 4.24976033 8.12730864
6.50907768 -5.1551224 -2.32397465 8.62231044
6.03886322 3.43590749 3.78713229 7.91300829
-0.151227192 -3.09407818 -6.51593949 7.21482203
6.3340167 -4.91628764 -2.03414982 8.27208663
3.91104163 6.77950402 2.04711334 8.09003056
-6.5204838 3.61882967 1.82253675 7.67686637
3.44820338 -4.83454527 -4.68686236 7.56502566
-4.64908322 3.88608248 -1.64126758 6.27768836
3.00391564 5.06874844 4.43313312 7.37349233
-2.28183281 1.08294937 7.13449993 7.56839676
-3.02814742 -0.540232392 7.16542802 7.79774882
-0.679212489 6.80442905 -3.081312 7.50040452
-2.12446233 6.5367851 -4.715245 8.33525255
0.195769762 -6.12682515 -4.26362762 7.46691587
8.2299951 0.160369612 0.434082677 8.24299493
1.09941479 1.20309233 8.14228766 8.30379385
-2.2409141 -6.43022214 0.472254554 6.82586824
3.04935353 -4.45529521 -3.47444694 6.42027989
5.95552887 2.48841977 2.42746622 6.89587915
2.75427301 -2.88306517 -6.73707362 7.82855322
-2.41995621 6.87223023 1.39302661 7.41783389
6.58082073 4.11259952 -2.70571138 8.21836664
-0.694050158 4.46516967 -7.0859377 8.40416318
1.17114194 0.745204978 -5.70270993 5.8692252
-0.227054596 -8.798438073E-03 -6.35457433 6.35863556
-3.13430411 2.90348232 6.5715832 7.83835299
-7.31684017 1.25411028 2.62944808 7.87546443
5.06419747 0.647681344 4.97606451 7.12929206
0.265861453 6.32266234 -3.42674477 7.19647977
5.62470525 -5.24781413 -0.894875842 7.74452484
-2.50401472 -2.74176396 6.13849623 7.17415468
-4.62780574 5.08221319 -0.946001325 6.938328
-4.68742054 0.142085077 -4.30663593 6.36704111
2.73806408 7.30083768 2.12262275 8.08113563
6.25821952 3.7050306 -3.6576369 8.14069229
6.72876524 3.4672131 -1.96686571 7.82089566
-1.24232281 0.296549377 6.76741835 6.88689035
-2.00699857 1.80594366 6.89023243 7.40032288
-4.80617472 2.01552489 3.88590648 6.50091726
-6.2422375 2.56719603 -0.862875387 6.80445284
-6.77227735 -1.82432301 -3.11575323 7.67462136
-7.12333329 2.7070507 -1.92591001 7.85997011
0.313018641 -1.39356392 6.31677403 6.47623619
-7.04701841 3.62376167 -1.02968685 7.99076793
-0.247679221 -5.8642391 5.30688553 7.91288059
-3.34262522 0.100444653 6.35345672 7.17980813
5.88342697 3.59085268 1.20111604 6.99654312
2.18327533 1.205192 5.47932192 6.02014515
-6.89707734 1.88148339 0.707326187 7.18400765
6.57122912 -3.39112338 -7.396784217E-02 7.39501462
-5.22077664 1.96400892 -5.75521077 8.01475457
0.562716721 -7.34832419 0.722775414 7.40519566
5.60659026 -3.51705034 4.64801534 8.08749306
-5.77869895 0.318954654 -5.1321339 7.73523704
-7.07165991 -2.99181215 0.10750105 7.67924934
-6.58560894 1.98759295 -2.96888604 7.49233309
1.83484494 -5.31271495 -4.81844757 7.4033123
-4.12261193 6.68632473 2.35795066 8.20139006
-3.89922832 4.93999244 -2.10088013 6.63484771
-0.638461031 1.68975664 -6.34817247 6.60016694
1.31789942 6.52877237 3.66607648 7.60275241
3.096624947E-02 2.44269449 5.44529676 5.96816321
-3.7359452 6.25906612 4.54019694 8.5875831
-4.54476851 -0.327171136 6.16289748 7.66441564
3.34899988 -2.50652871 -6.19652127 7.4763201
-2.03743583 -5.20710564 4.41069527 7.12175025
2.56133453 -8.00473174 1.08819872 8.47468827
2.88068687 -5.20630472 -1.09042325 6.04921388
-4.20619448 2.75241139 -3.93387548 6.38304134
7.05900859 2.46165777 -0.428976651 7.48821623
-5.48441496 -1.99537425 4.83261184 7.5772332
6.15792442 -0.122705809 4.88291004 7.85989188
-1.1351419 -5.73980381 -3.12135385 6.63149642
3.15828492 5.80729031 0.80745996 6.65968287
-7.03742535 -0.528322744 2.79305641 7.58983824
1.63214439 -4.18832379 -5.15280567 6.8379352
2.63568986 -6.47793549 3.98073351 8.0471578
5.76625542 -4.05286255 -3.59167766 7.91047058
5.20166687 3.79789586 5.12339888 8.22985828
-1.11722193 -3.26409127 -7.35221025 8.12142058
4.37144372 -5.50867657 -3.39373869 7.80848897
2.11735042 7.49482653 2.79235598 8.27362372
-6.36571977 2.99125664 1.80282712 7.26086704
4.15136308 -2.97892154 -6.22262079 8.05163328
-3.89710687 4.15689874 -1.76658403 5.96557359
3.60388968 5.07808196 3.63970289 7.21265377
-1.85009152 2.12550144 7.20135982 7.7330575
-3.40892834 -1.10417207 5.78584737 6.80558728
-1.448914751E-03 6.98801248 -2.53982726 7.43525676
-0.632210903 7.34701149 -3.77012529 8.28203557
-0.886990944 -5.43643023 -5.22570026 7.59272479
7.64925415 0.930077697 -8.243534811E-02 7.706032
-0.632980607 0.828345514 7.98266179 8.05044781
-2.28059506 -6.73079611 -6.281912427E-02 7.10694564
3.46167033 -5.3259039 -3.4203708 7.21438495
6.18286864 2.06057999 -0.200332289 6.52027511
3.59326673 -2.60774801 -5.65946595 7.1931544
-1.46321165 7.28823196 2.07988843 7.71914823
4.82895915 4.81114577 -3.3537219 7.59693496
-1.66273466 6.54834963 -5.30376091 8.5892636
2.93334289 1.25646653 -5.58419335 6.4316735
-0.137142227 0.301729468 -6.66040119 6.66864249
-4.68008323 2.72651167 5.70787667 7.86872931
-6.46445003 1.45676058 0.589841919 6.65275726
5.01019497 -0.549198118 5.83856646 7.71314012
-2.23453515 6.97709221 -1.39303288 7.45744619
5.93104105 -5.15029319 -0.410262078 7.86581737
-2.1256973 -2.4475678 6.43089384 7.20177566
-6.22272399 3.5050499 -0.93486979 7.20289179
-5.3761154 -2.64683835 -4.38676292 7.42644322
3.22078737 7.158957 3.11331305 8.44493071
5.63567992 4.07393937 -3.24738138 7.67485218
6.46617756 3.82527957 -1.92600997 7.7558836
-2.10570433 -0.249757019 6.41588328 6.75721301
-1.70275662 2.70760397 6.19588422 6.97276707
-4.51171227 3.78012231 4.00745624 7.12071469
-6.19216807 2.20378299 0.220556039 6.57634015
-6.80542402 -2.74919551 -2.96080688 7.91443298
-7.18750827 2.39952816 -2.14393659 7.87492696
-0.204786914 -1.39419211 5.3335326 5.51654596
-7.01869501 3.98525988 -1.03862786 8.13775914
-0.497813631 -6.50051437 4.4004265 7.86563785
-3.36809423 -0.597513966 6.23600063 7.11257938
5.27672199 3.39437959 0.950338175 6.34576633
2.04567736 1.2256186 6.1846289 6.62846675
-7.22150399 1.67305685 0.451662329 7.4265226
6.23884153 -4.36716188 0.524556592 7.6335055
-5.15549329 2.13958427 -5.31595824 7.70819979
-0.810538983 -7.48550131 -2.33033449 7.88163449
5.18104231 -3.24877103 4.76068732 7.74995848
-5.27203141 -0.716814156 -6.20910589 8.17686576
-6.79444489 -4.0064347 0.665844744 7.91576589
-6.30854339 2.22365512 -3.61127554 7.60155727
2.40974672 -5.95736061 -4.55302314 7.87572501
-2.97944928 6.65542469 0.111209444 7.29274731
-5.15173852 5.16499523 -1.4059634 7.42928789
0.209946931 1.82619225 -6.64584295 6.89538138
1.91803739 7.38973108 3.755166667E-02 7.63468421
0.149623062 3.27787824 6.23927367 7.04949705
-3.50131653 6.22287238 1.9242401 7.39500224
-4.24569682 1.83672801 6.85319179 8.2683583
3.42548256 -2.21673146 -6.10897674 7.34625251
-2.09774081 -3.6493569 6.05831525 7.37709333
2.28117278 -8.29110019 0.325678165 8.60535635
1.994695 -5.97194516 -1.85271192 6.56319119
-6.11411993 3.91657177 -3.96485883 8.27297422
6.63509184 3.15423589 -1.17848361 7.44059617
-6.51284715 -2.10696021 5.05518777 8.50948781
6.39897291 -0.409607706 4.8047524 8.01250762
-2.17877205 -4.95107613 -3.04992591 6.20985109
2.66094126 6.13259202 2.28229913 7.06386456
-7.08981446 -0.566331832 3.66143805 7.99952057
1.60607952 -4.48953043 -6.27881083 7.88408779
1.95094322 -7.07889812 4.39394916 8.55708871
5.87843068 -3.44229318 -3.80427058 7.80242298
4.11246957 3.13740939 4.11737373 6.61124119
-0.789977908 -2.78232993 -6.96934824 7.54567689
4.70592688 -4.46305732 -2.90772544 7.10770678
3.1702006 6.85644042 2.51400124 7.96122788
-5.87655063 2.93239026 1.72259015 6.78970373
3.3212424 -4.92629721 -5.48098442 8.08333134
-4.73138333 3.39735514 -1.29089959 5.96610693
3.83603742 4.02322097 4.9221809 7.42491447
-3.32116437 1.29450868 7.07479476 7.92203297
-4.63158142 0.902986622 4.34513693 6.41460414
0.466065542 7.03549916 -0.951453287 7.11482458
-2.61939432 5.89934254 -4.75419788 8.01659943
-0.865205857 -5.42795128 -5.26314573 7.60998944
7.46732399 1.75354569 -0.396420991 7.68069005
-1.56385293 1.29645433 7.64709489 7.91229993
-2.28164469 -6.58414628 -0.598731177 6.99395195
3.30738041 -4.94261958 -1.97063622 6.26511457
6.39089161 1.7666425 2.96044111 7.26145528
3.41049406 -2.72707605 -5.87926083 7.32353203
-1.83012661 7.82209568 -0.287066477 8.03846698
4.16326637 4.89815093 -3.52211621 7.33007313
-1.43814429 5.04344832 -5.72622421 7.76493874
2.53878119 1.76315423 -6.38910353 7.09751835
-1.6295311 -2.44495973 -5.76685759 6.47223656
-5.43345179 2.95707892 6.02174716 8.63296895
-6.99182076 2.03453607 0.891305033 7.33616516
4.59761972 0.529412794 6.19637975 7.73391926
-1.99939889 6.59981893 -2.84121612 7.45839895
5.44017846 -3.81316377 -1.17076823 6.74584746
-2.32662168 -2.74995015 6.16160134 7.13727717
-5.20144799 4.99316944 0.587016444 7.23404386
-5.21878716 -1.21920839 -4.64347155 7.09112379
3.16144839 7.37867658 1.57325065 8.18014313
5.86295747 4.40562161 -3.49923965 8.12578921
6.16837475 3.0798174 -2.67095118 7.3937881
-1.97285875 3.775834911E-02 6.74910603 7.03164487
-0.506348728 2.6934548 7.30826218 7.8052408
-4.48559393 3.66367365 4.48040706 7.32237018
-6.1983764 2.29195838 -0.183773548 6.6111055
-6.59622186 -2.57153709 -2.82586977 7.62289222
-7.50019303 1.73982578 -2.32706925 8.04332894
1.21543632 -1.83825211 5.39393257 5.82674565
-8.14650473 2.06375344 -1.1642727 8.48411154
-0.456088249 -5.66943149 4.20761149 7.07491798
-3.14963142 -0.587254194 6.02539181 6.82425029
4.96425186 2.86806627 0.262940435 5.73922802
2.08251313 -1.18232435 6.03510682 6.49286271
-7.1887866 1.48347722 0.149077609 7.34176965
6.30876042 -3.75178226 -1.43076116 7.47819535
-5.03103325 1.29376652 -6.21043251 8.09657948
-0.464281522 -7.7466789 2.21089269 8.06936415
5.62342771 -3.97963337 4.59600991 8.28152933
-5.26760467 0.395861939 -5.62423144 7.71597984
-7.36743832 -3.67055667 1.63424383 8.39183452
-6.69444724 2.02061564 -2.34188611 7.3744791
2.26042729 -6.57228916 -4.54742362 8.30563531
-3.27941065 6.05854514 2.97438328 7.50382964
-5.19511011 4.76101335 -2.08041051 7.34741622
-0.668702263 1.88607299 -6.22413727 6.53791395
2.18700323 7.46432455 -1.60141431 7.94126261
1.03084935 3.59652197 5.31224698 6.49750634
-4.00095627 6.2001501 2.59453731 7.82183714
-4.40196291 3.01808322 5.68379989 7.79690227
3.83214248 -2.13399395 -6.1373858 7.54365632
-2.01796542 -5.34798537 5.45734673 7.902896
2.88976604 -7.19245134 2.51830452 8.15008968
3.41207435 -5.83683511 -1.810734 6.99926089
-7.12932845 1.96364173 -0.374515055 7.40428757
7.13240411 2.46650438 -0.768818732 7.58590235
-6.53870622 -0.905626057 1.59777497 6.79173928
6.68082383 0.337874485 3.43676056 7.52056443
-0.426156308 -5.98306114 -3.91358287 7.16203607
2.85146183 6.1163273 0.387326923 6.75946125
-6.82802733 -0.754688347 3.5724282 7.74298101
2.91879018 -4.99249259 -5.38493375 7.90201429
1.39398338 -6.96668405 4.32949356 8.31999944
5.942298 -4.07487399 -3.7951075 8.14360758
5.60860295 4.08050311 3.35999341 7.70691173
1.634159385E-03 -3.07966265 -6.55468966 7.24211856
5.45683918 -3.5287818 -4.1973465 7.73609155
4.3361199 6.46032441 2.5590313 8.19062686
-6.61950563 3.25591729 1.58061271 7.54434814
3.1699056 -5.32111763 -5.22392558 8.10259173
-3.5632426 3.95777222 -1.73686956 5.60155109
3.16533639 6.0093908 3.64052681 7.7062032
-3.33234 1.35738591 7.16241639 8.01543479
-4.71360992 -4.35247729E-02 5.11304717 6.95437015
-9.068731553E-02 7.19050407 -1.85249968 7.42585537
-0.650496476 7.22119702 -3.1777904 7.91626073
3.8336539 -3.17115657 -5.90816559 7.72395992
8.21115817 1.41315698 0.190370692 8.33404896
-0.93951019 1.7411684 7.49447628 7.7512271
-2.39267797 -6.7956871 -0.636055151 7.23262312
4.48478209 -4.47576324 -1.33773053 6.4757432
5.871321 2.10537564 1.02160355 6.32049767
3.86042442 -2.33463816 -5.79049724 7.34052248
-2.01712782 7.41766059 0.636541441 7.71334417
5.73291017 1.70825357 -3.08810007 6.73206887
-3.84708289 4.99051087 -3.6499048 7.28196749
2.04065141 1.11226562 -6.73912436 7.12861769
-2.59118679 -2.18000073 -6.07421763 6.95433476
-4.89750849 3.13299639 5.88485734 8.27241209
-7.59183157 2.61196696 1.03841484 8.09546684
5.06440273 1.09619834 6.12045213 8.01933664
-9.571217038E-02 6.74567979 -2.60899635 7.23327164
5.10075064 -3.758781 -1.17494643 6.44411288
-1.89132951 -2.61290204 6.76883834 7.49810355
-6.28305148 4.17155903 -0.645582902 7.56937368
-5.69392711 -2.07848508 -4.47218376 7.53268436
3.57912946 6.39504331 1.53844164 7.48822738
5.89911639 4.44511634 -2.76310838 7.88627932
6.64232051 3.56061192 -2.73932309 8.01886962
-1.71231281 0.453892818 6.30789476 6.55191348
-1.71244828 2.47925768 6.05918127 6.76704333
-4.76123815 2.48861741 4.33547503 6.90354612
-6.1789432 2.39465756 -0.179381791 6.62917052
-6.74331758 -2.72168118 -3.5011639 8.07081341
-6.7931173 3.62670449 -2.09994231 7.98180342
0.893240787 9.819370333E-03 6.64605126 6.70581634
-7.09095858 3.68633482 -1.24560485 8.08840463
-0.598493224 -5.10596553 5.76779597 7.72635415
-3.31081013 0.186183092 6.74318598 7.51443178
4.91212378 4.38306366 1.59529816 6.7738603
2.91756715 -0.403249615 6.06061352 6.7383859
-7.51014143 2.23574287 0.419376993 7.84707892
6.60269041 -3.85787453 2.813902425E-02 7.64718957
-5.16344666 2.31637675 -5.44277838 7.85179082
-0.467735228 -8.06836717 1.09808894 8.15617093
5.88444764 -2.73111463 3.99459223 7.61856143
-5.45578175 -1.94662415 -6.00446845 8.34317334
-6.70266388 -2.10859758 2.00587173 7.30721618
-7.51138002 1.66759255 -2.04796882 7.96215241
2.16962073 -5.5138294 -4.39808806 7.37921049
-4.20108077 5.19873528 2.60605115 7.17408048
-7.15071566 4.64428956 -1.27177898 8.62088057
-0.876439085 3.09451749 -6.56860442 7.31373694
2.30604238 7.71179765 -1.14532429 8.13027812
1.94893226 2.85717894 5.47748246 6.4780107
-1.00903283 6.7308674 2.7656332 7.34652641
-4.08623843 2.69324854 6.70577155 8.3017049
3.23234186 -1.74377278 -5.85054563 6.90779716
-1.51087237 -6.02662297 4.10370087 7.44602448
2.56176487 -8.43165138 0.852381835 8.8533575
3.31387869 -5.59981726 -1.64069482 6.71056069
-6.73018036 1.07724072 -4.02743104 7.91681603
6.81885455 2.59422021 -1.75109331 7.5028717
-6.15136067 -1.6042443 3.74840323 7.37992985
5.94182319 0.120005623 5.85562884 8.34314409
-1.45390143 -5.50675193 -4.22067171 7.08887974
2.91850577 5.90279962 0.443462012 6.59980135
-7.05878774 -0.61378353 2.69544079 7.58080574
1.56887575 -3.79009486 -5.3309154 6.72642915
1.62813145 -6.61378099 4.25245606 8.02971316
5.40020893 -4.85443206 -3.22538965 7.94549592
4.45116687 2.11102598 4.96594748 6.99499475
-4.261738161E-02 -3.23381848 -6.33555295 7.11327136
5.17882667 -3.6663703 -3.92505167 7.4611358
5.37447995 5.14186422 -0.606892161 7.46271536
-6.55140678 3.52682138 1.29890703 7.55291727
3.69147826 -4.52748634 -5.50068078 8.02387894
-3.29541671 3.85928657 -1.49785435 5.29125994
3.99991738 6.26630045 2.43782585 7.82360884
-4.37394048 0.85414511 7.37489607 8.61684463
-3.44695111 2.6838453 7.04883865 8.29280555
0.477597922 6.80160304 -1.27726543 6.93695255
-2.07541532 5.34135577 -5.50540886 7.94650596
3.7888851 -3.30108632 -6.19078896 7.9736246
8.20822227 0.511703415 -0.449703325 8.23644257
-0.687560326 0.389420377 7.98796481 8.02695267
-2.67527824 -6.38607215 0.406253595 6.93571
3.94945254 -5.19717584 -1.20855901 6.63848077
5.92046845 2.23486756 2.17758041 6.69241631
4.51464965 -4.08995118 -4.40793997 7.51928832
-1.53360382 7.20225828 1.27051531 7.47252796
3.98297789 4.88710633 -3.24557442 7.09095723
-2.38974544 6.13256547 -5.1040634 8.32890784
1.27337996 -1.424044453E-02 -5.77545523 5.91418485
-0.718126861 -3.46707543 -5.06796959 6.18228388
-4.90481329 2.77089497 6.49883709 8.60057764
-7.80778805 2.15294121 1.48970277 8.23504246
5.64802703 0.443566534 4.72319948 7.37601342
-3.07891883 6.84400026 -1.40659994 7.63535226
6.03719069 -3.62386252 -1.21390456 7.14518126
-2.05219594 -2.1943563 6.97063813 7.59055358
-6.30020103 3.30400992 1.24590235 7.22227715
-5.29273744 -1.39533801 -3.43880788 6.46416564
1.8432034 8.4139831 1.16260908 8.69161494
5.3252817 3.32043882 -4.11772386 7.50597022
5.9060894 3.23748646 -2.79464993 7.29200102
-1.44139438 0.740474674 5.94499417 6.16188901
-0.456615664 2.59256361 6.78710677 7.27974603
-4.73475833 2.74277386 3.51015958 6.50092033
-5.68655967 3.06903923 0.840653808 6.51633804
-6.0357788 -2.80917245 -3.26986388 7.41714806
-6.85936517 3.60971003 -2.26747854 8.0760359
0.748463851 -1.0581478 6.27706243 6.4094764
-7.10867757 3.27641583 -2.00287581 8.07958594
0.422190456 -5.73102795 5.08025337 7.67019559
-3.26300977 0.640200445 7.25080418 7.97691987
5.2233366 3.66880936 1.06014374 6.47049551
1.80169362 0.991490844 5.86250508 6.21273851
-7.31333126 1.74246734 -0.235501081 7.52173299
6.43475784 -3.83959797 -0.742451676 7.52993064
-4.84107181 1.89817755 -6.29583295 8.16557205
-1.7508486 -7.68100128 -2.06447947 8.14403628
5.23800226 -2.94796803 5.07957972 7.86951798
-5.04450099 -0.394514268 -6.36484465 8.13104417
-6.37719584 -4.57181899 -0.178140149 7.84868712
-6.37592696 2.10210805 -4.29066365 7.96750258
1.97036514 -5.81739853 -4.66881792 7.7150713
-0.646369973 6.10770857 0.141451817 6.14344421
-6.2652775 4.52084245 -1.66578249 7.9035783
-1.06508355 1.52351596 -6.38307391 6.64824311
0.729676637 7.48313285 1.61228627 7.68954955
1.37138396 2.73026408 5.45689114 6.25401445
-3.34004731 6.73753711 3.89117644 8.46708783
-1.67064482 4.44985249 5.64847818 7.3822454
5.17780881 -1.99461727 -6.22170246 8.33653307
-1.50020188 -3.96729683 6.31070326 7.60361923
3.11962448 -7.71757853 1.55137674 8.4675761
2.5651143 -5.16975564 -2.28359806 6.20652921
-4.97034261 4.5476981 -3.23379881 7.47283871
6.9662783 3.61635009 0.495999744 7.86467018
-6.75849003 -0.566985145 4.87859383 8.35459977
5.1357359 8.929251444E-02 5.48047203 7.51128019
-0.313742315 -5.83479227 -4.51844398 7.38644509
4.24331785 5.48524535 0.963342332 7.00154922
-7.23247477 -1.43877929 3.41883277 8.1281729
0.955423333 -3.6625176 -5.48711162 6.66597801
2.45114068 -6.60614139 3.93249428 8.06930641
5.44605863 -4.9798736 -3.26274474 8.0687173
5.26361046 4.48046148 2.75724165 7.44194274
-2.2278163 -2.01557912 -7.48657654 8.06688
6.68256764 -2.11993985 -4.55127092 8.35852393
5.71945414 4.78991172 0.457211932 7.47425265
-6.38965583 2.95824881 1.18559562 7.14034835
3.83782051 -4.00522734 -6.06044959 8.21582384
-4.02478753 3.54012153 -1.96353762 5.70848974
3.59154278 4.90022448 3.7948247 7.16324465
-3.10840408 -0.34745183 7.7758164 8.38130177
-5.04209473 -0.81123106 4.54325043 6.83534488
0.530679477 7.21242185 -2.04045036 7.51425894
-0.774111101 6.04519841 -5.58841874 8.26886303
2.02739309 -3.47511664 -6.76266645 7.86895266
8.66352682 -0.990091584 -1.2714372 8.81212409
-3.656872392E-02 1.51482764 8.50969672 8.64355125
-1.40655137 -7.01103762 -0.116674843 7.1516885
5.01155054 -5.43140474 -2.07770501 7.67676067
5.74606475 1.90729169 1.22813075 6.17764736
4.19930762 -2.93994537 -4.77889256 7.00822926
-0.353515675 7.66815433 1.90295947 7.90865468
5.91110801 4.07554546 -2.741488 7.68550747
-2.38132147 5.29599834 -5.12899629 7.74757338
1.76640038 1.16631051 -5.80369873 6.17765081
-1.36403533 0.525671011 -6.9529246 7.1049337
-4.0082476 3.69024933 5.40029631 7.67119216
-7.40585288 2.68861093 7.810153169E-02 7.87917416
4.33223719 0.241315918 5.28927618 6.84126852
-3.12196138 6.68950708 -1.14653995 7.47065604
5.80557351 -4.37596492 -0.576206944 7.29285728
-2.03393449 -2.24918393 6.72526214 7.37732124
-6.18971268 3.45437924 -1.79325425 7.31170567
-6.52181756 -2.27798966 -3.68260085 7.82846666
2.27290572 7.58423186 1.35420497 8.03246814
6.29478647 3.70759416 -3.33314185 8.02997047
6.26357111 3.39004502 -1.59734967 7.29905845
-1.05426937 0.672612942 6.77106154 6.8855767
