0.248414703 -3.053238329E-02 -0.349307615 0.42971839
-0.145333485 0.471481673 -0.430479395 0.654774235
-0.240139709 0.279982697 0.51433255 0.632926032
0.724211971 0.230195865 0.15497555 0.77555821
-0.382514777 3.94719485E-02 0.501572108 0.632020703
-3.762499904E-02 -0.580680911 0.250485925 0.6335212
-0.329317685 0.339809018 0.304596597 0.562760511
-3.816589138E-02 0.324522213 0.401787365 0.5178845
9.754201845E-02 -0.4107797 0.175941725 0.457394685
-0.555163325 -6.154629269E-02 -0.272362381 0.62143
0.284357658 0.500289137 -0.246785429 0.626140198
0.246036755 -0.16564828 -0.47243648 0.557825838
0.316144978 -6.04084399E-02 0.309598202 0.44659587
0.41714343 -0.101348054 0.465701711 0.63337047
-0.255268204 5.053385653E-02 0.36123693 0.44520517
-0.195278626 0.229252602 0.327226675 0.444710911
-0.495642081 -0.12406883 0.215512617 0.554526676
-0.371045551 -0.170031487 7.084700248E-02 0.414252
-0.18398585 -0.38324861 0.171522239 0.458421387
-0.60698345 0.330844717 -9.59984964E-02 0.69792753
-0.235805974 0.142449275 -0.633375039 0.690695442
0.199312232 -0.484507614 0.413113123 0.667184716
0.356200694 0.249542661 -0.200140061 0.478755176
0.240222163 0.201550009 0.373865447 0.487959492
0.401556496 -2.10189445E-02 0.215766573 0.45633828
0.352721173 0.243119564 -0.353987653 0.5557217
0.125460638 -0.403832202 -0.447571923 0.615744626
0.402661368 -0.503946757 -0.137917653 0.659636104
-0.189919175 -0.135229682 0.475114557 0.529235488
-0.20100417 -0.490971937 -9.354469212E-02 0.538708
0.306626592 -0.305957073 0.151245372 0.458807977
0.438267915 -0.415646082 -7.139943826E-02 0.608225
-0.180097361 -0.271765421 -0.353580335 0.480947561
-0.637454818 2.561652941E-02 0.253759313 0.6865847
0.295904391 0.475691728 0.124362363 0.573853663
-0.480624073 -0.227544174 0.343143421 0.632869068
0.124956025 -0.46069186 -0.32892191 0.579690108
0.358816107 -1.461068949E-02 9.590944705E-02 0.371
-0.137132699 -0.453755905 -0.223306084 0.523989891
-0.21972762 -0.120935612 -0.468069764 0.53103197
0.224744066 0.409577534 -0.205601754 0.51042701
-8.153952062E-02 0.57677923 0.114505919 0.59366200
-0.163059252 -8.212328857E-03 0.50529569 0.5310174
9.441869499E-02 0.144200579 0.480213456 0.51020942
-0.372272453 -0.338410613 -2.10667673E-02 0.503539
-4.693230507E-02 -0.461991321 -0.130694761 0.48241
0.390402241 -0.207590523 0.307677044 0.538676989
-0.577021642 0.109375688 1.031653199E-02 0.5873869
-9.317860035E-02 -0.519197282 -3.717645417E-02 0.5
-0.179244796 0.631518195 0.138359602 0.670885465
9.683951803E-02 0.660178893 -0.254511285 0.7141358
0.326106962 0.129965876 -0.29982586 0.461662675
0.23539206 0.481390887 -0.44152811 0.694329662
-0.199935577 -0.50583988 0.235631174 0.592764936
0.115290873 -0.531845588 0.277349145 0.610798054
-0.304006232 0.442143211 -0.384614033 0.660180553
0.535361388 0.160885789 8.972216636E-02 0.56616792
0.420364048 0.365504702 1.2018364E-02 0.557175073
0.53537623 8.793458313E-02 7.028302327E-02 0.54708
-0.494279955 0.119326128 0.309789493 0.595416601
-0.467431577 4.696528631E-03 -5.348567754E-02 0.47
0.223388537 -0.345861075 0.104055813 0.42467627
0.507652199 -0.286818059 4.690262196E-02 0.5849574
-3.014485372E-03 -0.242850767 -0.412893798 0.47902
-0.323460217 -0.371754647 0.224918867 0.541679358
-0.495421106 -0.190568905 7.800393165E-02 0.536510
0.518900451 -2.961055762E-02 -0.413480864 0.664154
0.264495531 1.813968221E-03 0.327121135 0.4206773
0.220174516 -0.22137998 -8.202104673E-02 0.322820
0.396317426 0.201660496 -0.520935394 0.684914697
-5.276586197E-02 0.673704499 -0.254516232 0.72210
-7.581562635E-03 -0.451401045 9.018720185E-02 0.4
-0.443517704 -0.103981606 -0.318008418 0.55556231
-0.41296883 -0.415853864 0.168758411 0.609882851
0.134637669 -0.163723824 0.465170713 0.511191338
0.431018638 0.289758337 -0.14942151 0.540429225
-0.273091267 0.292657388 0.134316101 0.422217955
-0.372143826 0.158900318 -0.489614759 0.635187335
-0.121074133 0.529370346 0.308694516 0.624647271
-0.114741735 -8.678848502E-02 -0.483155383 0.5041
0.525941946 0.175654788 -0.167516667 0.579250696
-0.45388783 -0.188416879 0.205171349 0.53255081
0.131509398 0.371195615 0.267543822 0.476088861
7.217944459E-03 -7.781099139E-02 0.45239378 0.459
0.30040633 0.483115805 0.250492521 0.621603851
-4.308999057E-02 0.353892008 0.520265875 0.630692
-0.509260035 0.153044499 0.195103826 0.56642202
-0.491008216 -3.987431963E-02 9.280591233E-02 0.5
-0.200333001 0.447479575 7.039515949E-02 0.495304
-0.526322879 -0.140937085 -4.491055504E-02 0.5467
-0.333991127 0.25411551 0.520180123 0.668365264
0.128808234 0.521266855 -0.30738516 0.618705368
0.340887504 0.359906137 -0.164022305 0.522149437
0.280254792 -0.114154669 -0.431320417 0.526888355
0.105360221 0.335072912 -0.442101984 0.564649269
3.29894857E-02 0.197861057 0.401713157 0.449010874
0.512665348 0.196409883 9.450774434E-02 0.557076579
-0.450129618 1.650381269E-02 0.454991053 0.64023894
-0.256475318 -0.504055595 0.262847293 0.623650809
-0.331926501 0.406022156 0.302682036 0.605512682
2.714356084E-03 0.230870332 0.290973695 0.37144874
0.11072462 -0.609816539 0.218190694 0.657071785
-0.474567068 -9.367002083E-02 -0.222689335 0.53252
0.284535757 0.214166983 -0.258762567 0.440211494
0.102169286 -1.157641538E-03 -0.555610221 0.564927
0.433350412 8.651309167E-02 0.207198047 0.48806569
0.321586883 -0.158610083 0.52083645 0.632333685
-0.234242664 -0.202646635 0.402433797 0.507826984
-0.287263306 0.28185768 0.37257588 0.548431167
-0.51220526 -0.259018171 0.123399311 0.587087754
-0.647329401 -7.36207248E-02 6.157597581E-03 0.651
-0.109636239 -0.312803978 0.4129779 0.529544313
-0.507564799 0.32104599 9.32676497E-02 0.607775787
-0.358252127 0.104586811 -0.463228118 0.594864083
0.200199427 -0.430708614 0.476740532 0.672957098
0.255815693 0.220842386 -0.197409214 0.391386543
0.137386655 0.142737861 0.328278776 0.383426844
0.453346938 -0.138765271 0.161644357 0.500907321
0.38250983 7.404948092E-02 -0.376929404 0.54210042
9.017400935E-02 -0.140960172 -0.420187599 0.452281
0.468297334 -0.439636636 -0.168728728 0.664117571
-0.135044987 -0.179882983 0.382275663 0.44354224
-0.278035155 -0.360870838 -5.986754756E-02 0.45947
0.514510648 -0.281389347 0.171998818 0.611133999
0.339809018 -0.152234809 -0.253792294 0.450617503
-0.215756678 -0.391553286 -0.154947516 0.473152885
-0.417839334 6.393083637E-02 0.201784176 0.4683948
0.215337817 0.607715634 0.171513993 0.667162436
-0.44411384 -0.154533602 0.251351682 0.53319359
-2.033128564E-02 -0.650858394 -0.40404658 0.766344
0.639517795 -0.384482108 -5.731479955E-02 0.748394
-0.160166798 -0.514668958 -0.138392583 0.55649802
-0.200473172 6.985426715E-02 -0.454751939 0.501864
0.183672528 0.33312372 -1.233498391E-02 0.38060368
2.98546188E-02 0.566126289 0.146451549 0.585523979
-6.213006065E-02 1.369051289E-02 0.408982222 0.413
0.287795953 8.289834772E-02 0.363463163 0.47096084
-0.445680449 -0.554777445 0.317309216 0.779162508
0.199968559 -0.401325627 0.260334123 0.518481956
0.433714855 -7.097233119E-02 0.357106029 0.5662776
-0.53328357 4.442573081E-02 -5.97702529E-02 0.5384
-2.814948867E-02 -0.689129825 -0.234346555 0.72843
-0.172256071 0.338136869 0.339063642 0.508893751
0.133593812 0.631135612 1.917034598E-02 0.64540450
0.358268618 0.106961461 -0.337409633 0.503629246
0.275548369 0.549737911 -0.200547379 0.646805941
-0.2649449 -0.567465328 0.182590743 0.652343527
0.384775641 -0.313153579 0.201967222 0.53563814
2.069572834E-02 0.380023044 -0.436645238 0.5792278
0.414669837 0.291682792 -8.759487635E-02 0.5144927
0.249949979 0.378275039 3.152346956E-02 0.45448952
0.424341586 0.144104934 -7.214316523E-02 0.4539126
-0.401117846 0.149612801 0.340396084 0.546945162
-0.598433063 7.486081944E-02 -0.280291071 0.665048
0.32062383 -0.333216068 0.267862091 0.534399372
0.387841247 -0.140671587 0.347904263 0.539672776
-0.146284994 -0.330907381 -0.427661148 0.560172341
-0.456572503 -0.217573945 0.223658984 0.553010138
-0.42509026 -2.068583397E-02 0.207092507 0.4733042
0.462290626 5.821188929E-02 -0.40979521 0.62051056
0.365377724 9.579731084E-02 0.274859061 0.4671461
0.574016227 -9.428017378E-02 -0.163280227 0.60418
0.26506858 0.155150351 -0.416592644 0.517573583
-0.180242479 0.518560745 -0.426157203 0.694983855
6.111423844E-03 -0.590294942 0.396549944 0.711152
-0.41252853 -0.144187387 -0.204615615 0.482532217
-0.228677904 -0.372671526 0.304364079 0.532743036
6.773357339E-02 -0.320569411 0.435444721 0.544944
0.291818015 0.28802847 -0.148016509 0.435920911
-0.263035286 0.210530801 9.521189382E-02 0.350108
-0.15379812 -4.218630458E-02 -0.347411194 0.38226
5.138477253E-03 0.458218267 0.334870077 0.5675635
-0.146040932 -6.382034922E-02 -0.489563638 0.5148
0.580868904 0.257007965 -0.228188957 0.674931091
-0.332477288 -0.229366387 0.217639907 0.458821551
0.155077792 0.441615511 0.214252734 0.514759764
0.26060292 -4.332580644E-02 0.54066807 0.60175823
0.372432412 0.495434299 0.411645458 0.744051765
-7.943037029E-02 0.231874611 0.450177441 0.512576
-0.644354493 -2.170330524E-02 -8.168463807E-02 0.
-0.575657868 -0.312277927 0.180413981 0.679300147
-0.24091147 0.488562657 5.471587781E-02 0.5474720
-0.690064844 2.876129068E-02 -0.100500436 0.69793
-0.17435038 0.155950146 0.381569864 0.447564593
0.110757601 0.707607565 -0.201220197 0.743952472
0.512319045 0.207435511 -0.302071883 0.629879129
0.292251718 -2.587873027E-02 -0.339962381 0.44906034
0.160221217 0.624143589 -0.441823293 0.781302682
-8.279775494E-02 0.346759814 0.666780088 0.75610417
0.404930477 0.12004347 9.412846007E-02 0.432711558
-0.184751014 4.009364488E-02 0.330002046 0.38031800
2.419173983E-02 -0.55033817 0.34381459 0.649358001
-3.140143898E-02 0.305040194 0.556756319 0.63562030
-0.300887856 0.141377385 0.42830758 0.542188574
0.103036693 -0.57688477 3.151357519E-02 0.58686088
-0.41538553 -6.003575188E-02 -0.266056368 0.496925
0.319700356 0.473049931 -0.162792104 0.593705166
0.121031258 5.366047811E-03 -0.349040467 0.3694680
0.333410657 -0.152060009 0.446628659 0.577721448
0.304265135 -6.749940658E-02 0.337955472 0.4597252
-0.215529108 -0.167478739 0.358591834 0.45065511
-0.331052499 0.35123372 0.334987161 0.587517898
-0.559381626 -0.412981198 2.586718684E-02 0.695794
-0.516921577 -0.264763503 7.619326155E-02 0.585758
-0.133765315 -0.312157546 0.30095052 0.453769444
-0.440678843 0.250565079 0.339294511 0.610001202
-0.204104406 -1.49405019E-03 -0.483788623 0.525083
0.250100044 -0.293648474 0.444771815 0.588728652
0.495394721 0.109728587 -0.235746608 0.559493303
0.172999798 0.143936729 0.504688835 0.552591651
0.654704007 -0.149569925 0.281557551 0.728205434
0.298780355 0.267791181 -0.314657524 0.509893297
0.202837927 -0.372928779 -0.393363956 0.578752366
0.335010247 -0.211472415 -0.235670751 0.460969794
-0.260518818 -0.202630145 0.420213984 0.534330256
-0.245789396 -0.310350174 6.087347539E-02 0.400543
0.315956985 -0.272817522 0.293521496 0.510306854
0.486028049 -0.37697228 -2.290876957E-02 0.6155129
-0.311854119 -0.395299955 -0.23491713 0.555608768
-0.378901682 8.643393669E-02 0.196949126 0.4356905
5.824816865E-02 0.549226702 4.867536363E-02 0.5544
-0.362129072 -0.282929571 0.122794105 0.475673206
0.114674124 -0.494913195 -0.193873625 0.543761168
0.544251482 -0.337727902 3.355511397E-02 0.6414014
-3.742051535E-02 -0.448373367 -0.185169876 0.48654
-0.14215904 -0.105530075 -0.483762238 0.5151424
0.215413673 0.498303667 -0.101394227 0.552259345
7.408905841E-02 0.534025648 3.562138868E-02 0.5403
-0.266102542 0.106895498 0.45221733 0.535478967
0.350084323 -4.641120148E-02 0.438604323 0.5631045
-0.376421493 -0.4338979 0.287609609 0.6424016
4.859950678E-02 -0.37479222 0.277090242 0.46862578
0.351843872 -0.274278591 0.346672414 0.564981963
-0.64671595 4.749298616E-02 5.21977601E-02 0.65055
-0.100955577 -0.537742634 6.835526977E-02 0.551390
4.245510169E-02 0.52146969 0.405783042 0.662112491
0.113717668 0.541819115 -3.489909952E-02 0.5547230
0.315519983 0.224976584 -0.384041808 0.545578073
0.456283917 0.427713918 -0.269380877 0.680955407
-0.120866352 -0.371170879 0.185737153 0.432290165
0.32175014 -0.228718306 0.190483154 0.438313869
7.216955022E-02 0.419824805 -0.424297061 0.6012398
0.50629667 0.232854153 -0.10353471 0.566812854
0.406473999 0.312253192 1.331782487E-02 0.51273826
0.591815378 6.051727799E-02 0.249730654 0.64519236
-0.497426366 -0.107096684 0.303575827 0.592503985
-0.70191995 2.435994415E-02 -0.182692985 0.7257146
0.242478079 -0.286778481 0.312104776 0.488310257
0.534218588 -0.303005252 6.232959715E-02 0.6173221
-0.111262214 -0.281610321 -0.370486519 0.47848084
-0.403109913 -0.336870389 6.019735996E-02 0.528774
-0.512605982 0.132655496 3.011187248E-03 0.5295011
0.4338105 -3.926416668E-02 -0.579566145 0.72500354
0.357117573 0.139154449 0.35902059 0.525159696
0.522545703 -1.941605622E-02 -0.103320332 0.53301
0.206667049 0.202346506 -0.347820161 0.452365164
-0.236685749 0.443314045 -0.433502126 0.663680329
1.732092292E-02 -0.514180836 0.13141705 0.5309918
-0.350800016 -0.282004447 -0.368502697 0.58170559
-0.229728356 -0.376353881 0.303938621 0.535533423
7.235919235E-02 -0.291418942 0.537557939 0.615734
0.389307263 0.416534926 -0.187373023 0.600141767
-0.301996026 0.352595845 4.869350331E-02 0.466793
-0.274558932 0.156311291 -0.402387623 0.511597133
-9.439231E-03 0.462288152 0.318018312 0.561190771
2.034942532E-02 -0.247939773 -0.598937676 0.64854
0.447248707 0.141814386 -0.173252105 0.500158992
-0.386380178 -0.425550349 7.056336381E-02 0.57910
0.127696767 0.461575757 5.495664086E-02 0.4820569
0.147863146 6.898026428E-03 0.622580279 0.6399353
0.16026904 0.447550485 0.309871946 0.567457685
-0.333796538 0.358981013 0.500239665 0.700376484
-0.543197731 9.808126173E-02 0.213833872 0.591953
-0.38808201 -0.305279308 0.102548571 0.504300815
-5.639132482E-02 0.327563083 0.168177941 0.372506
-0.573322796 1.454142889E-02 -0.118577454 0.58563
-0.317009086 0.117319219 0.403588141 0.526442729
-9.871285249E-03 0.669296557 -9.011794124E-02 0.6
0.481522812 0.356726745 -1.949686026E-02 0.599581
0.362000445 -5.14292972E-02 -0.311479781 0.480321714
1.697709349E-02 0.251597392 -0.287103347 0.38212275
-8.334689259E-02 0.438315738 0.540818135 0.70110744
0.516451594 0.149822232 9.152788927E-02 0.545478052
-0.266890793 2.162909745E-02 0.520363169 0.58521478
-9.164167455E-02 -0.513630049 0.303180052 0.6034336
-0.255964109 0.322319066 0.491331432 0.640947566
-7.5513848E-02 0.193728508 0.452413569 0.497906731
0.243635721 -0.465047033 3.401025509E-02 0.5261024
-0.403538669 -4.208736086E-02 -0.380547446 0.55626
0.226722941 0.538560569 -0.3577739 0.68516636
0.310148988 2.824183615E-02 -0.446226288 0.5441579
0.298351599 -7.535553804E-02 0.374749344 0.4849012
0.314522301 -0.113218002 0.339894769 0.476729533
-0.292471044 -9.727157228E-02 0.276897302 0.414334
-0.283325346 0.316402232 0.341893432 0.545229074
-0.518409031 -0.144560075 3.554718089E-02 0.539359
-0.372463744 -0.112070255 5.45509716E-03 0.3889970
-0.152762509 -0.385405583 0.239846176 0.478957238
-0.421770698 0.202438854 0.282639336 0.546586686
-7.215635772E-02 1.373009037E-02 -0.49024635 0.495
0.118613733 -0.253978638 0.46011139 0.538773475
0.596251354 0.162228125 -0.112838718 0.628145062
0.166489301 0.216535036 0.183362504 0.328980117
0.53769646 -0.149152712 0.397931858 0.68535668
0.45817869 4.348081827E-02 -0.225413586 0.51247397
0.311013097 -0.216426198 -0.440349031 0.580927461
0.28238538 -0.284961215 -0.194915833 0.44602307
-0.116202804 -0.171436488 0.654275251 0.686272296
-0.324729995 -0.455860108 0.234443849 0.606812925
0.364327272 -0.196136138 0.124484394 0.432088082
0.296435389 -0.381609442 -0.12809419 0.499907819
-0.408291265 -0.297296199 -0.251137304 0.564053839
-0.465493929 0.142182127 0.263770768 0.55360218
0.13032867 0.399498467 8.761631416E-02 0.429256573
-0.43628904 -8.675715285E-02 0.332363503 0.5552840
-0.108445617 -0.591891234 -0.178527454 0.627668493
0.614587275 -0.322566425 -5.384517306E-02 0.696179
-2.307367578E-02 -0.469649565 -6.465972178E-02 0.4
-0.182831506 -9.029603994E-02 -0.389515045 0.43966
0.405771499 0.366421581 -0.260113149 0.60545366
4.907938382E-02 0.602003283 -0.106549195 0.6133265
-0.184876343 0.135790363 0.456046452 0.510486681
0.267172783 5.671124285E-02 0.264047811 0.37989302
-0.426071452 -0.442783047 6.764782216E-02 0.618198
0.32087119 -0.54636393 2.932856802E-02 0.634296484
0.370066008 -0.112657321 0.388372245 0.548154652
-0.688976463 5.447511475E-02 -0.152434346 0.707737
-5.218126948E-02 -0.515453912 2.702153025E-02 0.51
-3.93284801E-02 0.416272726 0.106476636 0.43147072
0.22106336 0.417977856 -0.18771273 0.508734278
0.35947903 1.253287135E-02 -0.53182415 0.642042968
0.135203297 0.535862703 -0.259923506 0.610728252
-0.317228412 -0.352259436 4.590329037E-02 0.476264
0.485073242 -0.321346119 4.873967705E-02 0.5838963
-0.246445723 0.380121988 -0.381236754 0.592089252
0.621653506 0.293648474 -6.786549835E-02 0.6908605
0.262453168 0.351217229 7.289513751E-02 0.44446474
0.472723417 3.148389208E-02 0.161426681 0.50051697
-0.454481493 0.125902587 0.250782756 0.534131893
-0.326773183 4.078130374E-02 -0.130698059 0.354296
0.324631051 -0.181640883 0.452255259 0.585588208
0.324871814 -0.270320842 8.97287626E-02 0.43204896
-3.971765874E-02 -0.320472117 -0.462123246 0.56377
-0.518626707 -0.338519451 0.260769475 0.671989434
-0.5509879 -6.688595551E-02 -6.210367565E-02 0.558
0.266467809 -0.141097045 -0.482165946 0.568680463
0.44780444 -6.542818469E-02 0.220538958 0.5034352
0.441974182 -0.161578395 -0.283084583 0.549168131
0.227019772 0.238177326 -0.413940952 0.528784953
-0.290098868 0.543916722 -0.154154318 0.635426083
-0.237948931 -0.521773117 0.242227422 0.622527914
-0.374425303 -0.231327122 -0.422314889 0.60996427
-0.156170296 -0.434963195 7.40329903E-02 0.468041
7.484762694E-02 -0.292190703 0.427694129 0.523354
0.492334062 0.305437618 -0.12433268 0.592573694
-0.39958092 0.266470283 3.651353124E-02 0.4816685
-0.367823283 0.15492278 -0.597273773 0.718352974
-0.124500884 0.511003093 0.476512961 0.709710669
-8.060615151E-02 -0.100977015 -0.482903076 0.4998
0.537989993 0.107545229 -0.262563655 0.608226012
-0.32746414 -0.434432197 0.151288248 0.564670019
0.213822329 0.462960969 0.298199885 0.590741922
0.13473991 8.992335192E-03 0.598520464 0.61356536
0.304820869 0.391589565 0.116321537 0.509694859
-1.960734741E-02 0.302231842 0.443502038 0.537049
-0.708674509 2.575834874E-02 -1.762517486E-02 0.7
-0.467253478 -0.158257184 0.262214054 0.558683595
-0.118399355 0.408289616 0.133201336 0.445490083
-0.506585256 2.969630885E-02 1.86871708E-02 0.507
-0.24173765 5.427722731E-02 0.537765721 0.5920938
7.206895744E-02 0.587781772 -0.246660101 0.641500
0.310238038 0.497380192 -0.366693676 0.691446995
0.261826524 0.104327909 -0.625774512 0.686317114
2.778999315E-02 0.325199977 -0.324594772 0.46031410
4.925748252E-02 0.288564416 0.472037407 0.555441298
0.439303526 8.607773929E-02 0.169391651 0.47863399
-0.388934575 -5.843451266E-02 0.327286041 0.5116647
-0.237906879 -0.494679028 0.321733649 0.636254324
-0.25712175 0.482179138 0.298132273 0.622487886
-0.105305802 0.154586372 0.521928129 0.55443235
0.252141583 -0.532525002 0.129919702 0.603355106
-0.615555274 -0.130519961 -0.33911971 0.714804822
0.351438203 0.158679344 -0.220863823 0.444374587
0.244796661 -2.625306735E-03 -0.343253908 0.421610
0.29323291 -2.410928673E-02 0.168138364 0.33887653
0.507380104 9.98671959E-02 0.267975876 0.582425186
-0.16123539 3.010527623E-02 0.48388097 0.510924625
2.968311635E-03 0.392984672 0.438406436 0.58876647
-0.574252867 -0.248859949 0.199487032 0.656881044
-0.401741191 -0.106051178 9.202425694E-02 0.425571
-8.34722213E-02 -0.488838051 0.340452152 0.6015296
-0.386124574 0.22988914 0.122713301 0.465832328
-0.205664419 0.226607506 -0.551759661 0.630941787
0.163214264 -0.334855236 0.312602793 0.486299734
0.385105453 0.154203789 -0.20564463 0.463006191
6.421777316E-02 0.325874444 0.421256191 0.53644650
0.646283896 -0.119766427 0.227296814 0.695478765
0.280911119 0.20655821 -0.327629046 0.478453909
0.217491492 -0.107337447 -0.642718624 0.686957863
0.256481914 -0.446955174 -0.135374799 0.532802248
-0.194186947 -0.232956395 0.317368582 0.43897616
-0.146984196 -0.512914356 -4.599563785E-02 0.53553
0.302032305 -0.291883977 0.272128214 0.500473311
0.41746005 -0.372882606 -0.113178425 0.571072401
-0.197861057 -0.386754515 -7.489874786E-02 0.44083
-0.392245892 0.18491592 0.223611161 0.487906434
3.82780276E-02 0.491031303 0.172322034 0.521796734
-0.463554632 -0.339060344 0.115772399 0.585873759
-1.753777458E-02 -0.589978322 -0.190319897 0.62016
0.482344044 -0.291085831 2.622668236E-02 0.5639810
1.445567766E-02 -0.547600727 -0.103321981 0.557450
-0.223748033 -5.834711237E-02 -0.413950846 0.47415
0.406919246 0.343397377 -7.120319988E-02 0.5371917
-5.24368741E-02 0.605430034 0.108697923 0.61734138
-4.669154202E-02 -2.739092014E-02 0.436857967 0.44
0.322315768 2.192592861E-02 0.36675634 0.488751894
-0.321384048 -0.267820864 0.34506128 0.542294209
0.229452138 -0.471298627 0.269380877 0.589352812
0.342465657 -0.346906581 0.237676011 0.542325352
-0.613658853 8.94121427E-02 -0.227089033 0.6604098
-0.25993505 -0.383034232 -0.100297601 0.473646558
-2.837705923E-02 0.429992922 0.204381449 0.4769391
0.220291599 0.419039852 1.452988545E-02 0.47363900
0.328443682 0.161838947 -0.319363947 0.485860502
0.344589649 0.427842545 -0.352267681 0.652597723
-0.190075836 -0.367552837 9.706049234E-02 0.425023
0.27143231 -0.413155998 0.186040581 0.52818981
-0.207620206 0.502103106 -0.425909844 0.690371548
0.392615282 0.231999939 -6.066239545E-02 0.4600550
0.502495582 0.31992133 4.050426132E-02 0.597069563
0.456796776 0.192330103 -4.525026181E-03 0.4956557
-0.40114588 -9.710336796E-02 0.355623523 0.5448074
-0.454342971 -2.223265415E-02 -0.347905912 0.57267
6.024188463E-02 -0.372424166 0.370761912 0.5289548
0.279037784 -0.17276893 0.166528879 0.36802589
-0.114167862 -0.457891753 -0.337877966 0.580397
-0.460658879 -0.311019693 0.135824993 0.572178539
-0.410252 -0.229452138 0.35044217 0.586314508
0.544396599 -0.168699045 -0.558647793 0.798069158
0.496225024 8.479476904E-03 0.31939363 0.59018934
0.533381689 -0.261122375 -0.299776388 0.665241914
0.408102448 0.255555141 -0.526202498 0.713263701
-0.255202242 0.386075102 -0.324574983 0.56527081
-9.424059629E-02 -0.652494264 2.569568439E-02 0.6
-0.37657568 -0.277733376 -0.339076834 0.577856531
-0.249879894 -0.514853653 3.496671106E-02 0.57335
0.156583386 -0.32793742 0.564873002 0.671671659
0.295135928 0.317785795 -0.138897196 0.455395936
-0.534378547 0.198052349 5.43860654E-03 0.5699252
-0.305406286 9.678509899E-02 -0.475063436 0.57299
3.97193078E-02 0.392470164 0.509311156 0.64421138
-0.298925472 -0.148712413 -0.354342201 0.48685749
0.515816705 0.142920907 -0.35297348 0.641157966
-0.337653694 -0.449872364 0.203177633 0.598060458
0.154635844 0.466936858 0.18936509 0.527068696
4.90282629E-02 -0.323348081 0.464738658 0.5682779
0.135419324 0.408716723 0.384719573 0.57740532
2.53262945E-02 9.40361126E-02 0.641023388 0.64837
-0.666448626 1.807701786E-02 8.211669232E-02 0.67
-0.421228157 -0.363237242 0.119108452 0.56882447
-0.341997323 0.387493295 4.876936016E-02 0.519125
-0.504268324 -0.190006575 -0.137769237 0.55620985
-0.205454988 0.136931514 0.418752915 0.486123436
0.26631692 0.503861006 -0.251186776 0.622812501
0.419034904 0.332754331 -4.496332502E-02 0.536970
0.315353428 6.752744064E-02 -0.610545424 0.690487838
0.189877948 0.387392702 -0.485353583 0.649380352
3.501948105E-02 0.174025515 0.493715976 0.52465866
0.396488929 0.410921519 5.271061839E-02 0.573444308
-0.287118188 -9.685271053E-02 0.339116412 0.4547716
-0.251059798 -0.280709933 5.398204521E-02 0.3804512
-0.281666389 0.452149719 0.464004826 0.706452972
-0.225377306 0.135429218 0.353913445 0.440897641
6.117030655E-02 -0.527391472 7.898017636E-02 0.536
-0.531120001 -2.307037765E-02 -0.35242764 0.637829
0.343806344 0.363842448 -0.267344286 0.567500745
0.434956598 5.092303516E-02 -0.443165629 0.6230378
0.438145884 -6.355485023E-03 0.484550489 0.6533003
0.398901506 -3.553069027E-02 0.291695984 0.4954506
-0.498273984 -0.100718112 0.435909756 0.669655446
-0.188451509 0.377288899 0.235700434 0.483131017
-0.425270008 -0.232557322 -5.908589216E-02 0.48829
-0.664499435 -0.19170346 -3.143771834E-02 0.692313
-0.185222646 -0.493491704 0.306438599 0.609709853
-0.516812739 0.479903433 0.151627955 0.721383219
-0.276066175 4.946196621E-02 -0.516426858 0.587669
0.269958049 -0.214404448 0.344010828 0.487021627
0.41890133 0.231280948 -0.158504543 0.504076276
0.269413858 0.347180325 0.294420235 0.528962456
0.521479584 -5.098075233E-02 0.281864277 0.5949684
0.318123852 0.206683539 -0.284915041 0.474444361
0.133887345 -0.212418977 -0.566706759 0.619842072
0.254222699 -0.266910582 4.196533027E-02 0.3709872
-0.343446849 -0.391569777 0.510480341 0.729296103
-0.224803433 -0.511172947 0.227864092 0.603122217
0.365620137 -0.138794954 0.116621666 0.408096479
0.199975155 -0.329716758 9.75964375E-02 0.39777917
-0.276099156 -0.317009086 -7.143901575E-02 0.42641
-0.537050028 3.558675838E-02 0.135927235 0.5551264
9.27333536E-02 0.433789062 0.100533417 0.454839965
-0.461928657 8.511138895E-02 0.132930889 0.4881522
5.696025122E-02 -0.455002596 -0.291836155 0.543544
0.585047627 -0.1919838 -7.416821339E-02 0.62019305
1.660605454E-02 -0.419330087 -5.373798403E-02 0.42
-0.160951751 -7.999270044E-02 -0.337289251 0.38218
0.321418678 0.462984056 -0.158207712 0.585400618
-3.742711159E-02 0.47684937 0.214368168 0.52415629
-0.133234317 2.131907379E-02 0.428625849 0.4493617
0.23328126 5.734778079E-02 0.426363336 0.489381864
-0.596096343 -0.241993255 0.164761084 0.664106769
0.245705294 -0.610195823 0.207740588 0.689830548
0.272228807 -0.143263912 0.234752224 0.386964699
-0.622921634 9.484085487E-02 -6.307662225E-03 0.63
-3.778660711E-02 -0.523953177 -6.72817304E-04 0.52
-0.20453646 0.31833823 0.143440362 0.404659771
0.16058401 0.459227493 -3.007559311E-02 0.48742348
0.338133571 0.141489521 -0.448835104 0.579488177
0.192156952 0.474642925 -0.227433687 0.560300171
-0.150455471 -0.487716689 8.277301901E-02 0.517064
0.246886022 -0.313503181 0.17640676 0.436298404
-8.241187442E-02 0.557415944 -0.401962165 0.692154
0.413126315 0.216023826 -2.738762202E-02 0.4670007
0.28263109 0.378347597 0.208863599 0.516382843
0.413886533 5.573829626E-04 0.119467947 0.43078412
-0.551012636 -0.117733134 0.317507103 0.646750938
-0.563990754 -5.635834358E-02 -0.222659652 0.60896
0.302243385 -0.336313006 0.332398133 0.561200518
0.41913055 -0.234242664 0.21281805 0.525196692
-4.920801066E-02 -0.352856397 -0.367813389 0.51207
-0.556891542 -0.191683671 2.872171319E-02 0.589657
-0.301845961 -1.731680027E-02 0.260076869 0.398811
0.396075014 3.863422499E-02 -0.650398306 0.7624867
0.441954393 8.845898485E-02 0.228807355 0.5054715
0.579239631 -0.113851242 -0.306992684 0.665375956
0.19787425 0.405200923 -0.41267777 0.61126504
-0.285789044 0.452677419 -0.122558289 0.549192824
-0.172377277 -0.634869089 0.328262286 0.735206647
-0.382155281 -0.172714511 -0.310811911 0.5219933
-0.413039739 -0.482048862 0.130506768 0.648077888
6.224714405E-02 -0.166866937 0.484863811 0.516538
0.350541113 0.208161099 -0.133827979 0.429092115
-0.340768772 0.251542973 -0.100728006 0.435365771
-0.330208179 -4.913710099E-02 -0.365577261 0.4950
2.507893519E-02 0.357912421 0.324607964 0.4838394
-9.07709698E-02 -0.152896083 -0.461936902 0.49497
0.441048233 0.332759278 -0.251526483 0.607056713
-0.513387637 -0.288884334 0.132685179 0.60384301
5.518750954E-02 0.390618268 0.176185786 0.4320529
0.324518915 -0.100495489 0.454065929 0.567087063
0.328479962 0.574383143 8.380862995E-02 0.6669624
-7.2296528E-02 0.137177224 0.420669125 0.44833792
-0.64880861 -3.639150065E-02 -1.226902143E-02 0.6
-0.463820131 -0.338347949 0.212498132 0.612179634
-8.201280142E-02 0.5335837 6.723225853E-02 0.5440
-0.527119376 -0.123828067 -0.138033087 0.55878561
-0.355062842 0.172618865 0.526801107 0.658320819
0.294408691 0.533962984 -0.26665003 0.665503707
0.509741561 0.289712163 -0.255881655 0.63972261
0.341372329 6.618015697E-02 -0.495490367 0.60533097
0.200837614 0.297053787 -0.344518739 0.497262366
-0.110348634 0.151659287 0.423264749 0.462958322
0.635777722 0.406925842 0.117273046 0.763907664
-0.163761753 0.137180522 0.235055651 0.317628032
-0.206004126 -0.496192867 0.200844211 0.573570796
-0.155542828 0.191027344 0.264285275 0.361291744
2.781967627E-02 0.225123351 0.615164447 0.65565368
8.42538767E-02 -0.388044082 9.048073489E-02 0.4072
-0.428488977 -2.205785357E-02 -0.22461544 0.484294
0.211310807 0.171334246 -0.367467086 0.45720864
0.179160694 -8.814566307E-02 -0.383349202 0.432232
0.397357984 -5.58537306E-02 0.338888841 0.52522248
0.527284283 4.547123613E-02 0.438673584 0.68740880
-0.298641834 5.963338075E-02 0.43217628 0.52869596
-0.147201872 0.223309382 0.253685105 0.368634784
-0.624453613 -0.119296445 0.200126869 0.666501853
-0.561057073 -2.885528722E-02 -0.167465546 0.58622
-0.134791031 -0.523184714 0.188909949 0.572344159
-0.321804559 0.269483119 0.261646776 0.494609301
-0.225571896 0.134464517 -0.618648915 0.672078765
0.23509358 -0.383838974 0.490045164 0.665391322
0.431477077 0.328888929 -0.253493814 0.598831787
0.199688218 0.255157717 0.241244581 0.403955187
0.566762827 -0.134391958 0.358572046 0.683999425
0.349785843 0.293978286 -0.276603769 0.534118913
7.685618448E-02 -0.346032578 -0.511529144 0.622340
0.288612238 -0.392905517 -2.288898083E-02 0.488052
-0.208629432 -8.888774097E-02 0.465520314 0.517818
-0.313140387 -0.307988717 5.210376357E-02 0.442299
0.35459121 -0.261725931 0.177539666 0.475137582
0.429419048 -0.325937108 -0.141820983 0.55744857
-0.176673909 -0.298028383 -0.243068444 0.423221993
-0.46313577 0.191215337 0.192333401 0.536703069
9.191212072E-02 0.464052649 0.14641362 0.495206671
-0.539028902 -0.136496161 0.171787738 0.581974558
-5.260837655E-02 -0.454333077 -0.330229617 0.56412
0.732237956 -0.273863028 -0.111723952 0.789718699
0.112911276 -0.576142692 5.952124453E-02 0.5901119
-0.439194688 -0.210677567 -0.40575171 0.633964874
0.273180316 0.307401651 7.782583295E-02 0.41854524
6.095263036E-02 0.552861235 1.512354778E-02 0.5564
-0.240271634 0.144665615 0.41083247 0.497435339
0.468157164 -3.167848139E-02 0.273130844 0.5429319
-0.261279035 -0.400537376 0.168807883 0.507142017
0.229285583 -0.592389251 0.229481822 0.675395299
0.370936713 -5.57712775E-03 0.307625923 0.48193242
-0.420791156 6.124946153E-02 0.113638513 0.4401481
-0.237219221 -0.425091909 -5.07086571E-03 0.486828
8.498276211E-02 0.44536218 0.133508061 0.472645685
6.742354973E-02 0.667194002 -1.809845566E-02 0.670
0.365577261 3.044168488E-03 -0.32210139 0.48724255
0.141900138 0.559025428 -0.31065525 0.655096759
-0.265479196 -0.498366331 6.122307654E-02 0.567975
0.370453537 -0.35666573 0.102723371 0.524402858
3.414547818E-02 0.334452864 -0.467406841 0.5757549
0.288498453 0.340953467 -4.801408976E-02 0.4492059
0.407334809 0.439554183 4.576147104E-02 0.60101883
0.533112068 -6.636485191E-02 2.203146858E-03 0.537
-0.273818503 -8.164835871E-02 0.191558342 0.344002
-0.463053317 -9.303348289E-02 -0.276079367 0.54707
0.364061773 -0.290488871 0.245390323 0.52644199
0.284176262 -0.182590743 0.214439078 0.400099544
-0.221253002 -0.356955965 -0.240119921 0.483764434
-0.25757854 -0.306817883 0.125063214 0.419672164
-0.272583356 -0.287908089 0.120457384 0.414370287
0.287566733 -0.224542881 -0.446386247 0.576519569
0.493213012 0.242923326 0.223114793 0.593338882
0.624207903 -0.232154951 -0.282589864 0.723455913
0.314561878 0.165925322 -0.433673628 0.560850429
-0.241486993 0.431671667 -0.232557322 0.546570493
-0.110043558 -0.598767823 -8.644383106E-03 0.6088
-0.36170279 -0.168440142 -0.327477332 0.516180581
-0.283136528 -0.49448279 0.182910661 0.598444511
0.128958299 -0.260050484 0.494002913 0.572970658
0.297626011 0.341972587 -0.228474245 0.507668173
-0.398980661 0.257786322 -4.717966438E-02 0.47735
-0.432083932 -4.333075362E-02 -0.445776094 0.6223
-1.743058555E-02 0.41941254 0.288636974 0.5094330
-0.290300878 -4.946361527E-02 -0.70188532 0.76115
0.433060177 0.159924386 -0.277110031 0.538430028
-0.371024113 -0.339538572 0.120454086 0.517160053
8.723538083E-03 0.35242764 0.188632906 0.39982960
0.115668508 -0.223980551 0.440391907 0.507436225
0.294311397 0.244475093 0.224793538 0.443756019
-0.175771872 0.318768636 0.441942025 0.572557375
-0.658326996 9.523662975E-02 0.104458185 0.673331
-0.350689529 -0.169554908 0.144296225 0.41539549
-0.191787562 0.461620282 8.453421724E-02 0.506973
-0.492959057 9.608754575E-02 -0.163085637 0.52805
-0.162953713 9.075118106E-02 0.385827743 0.428547
2.197704953E-02 0.379757545 -0.187801779 0.424226
0.65520862 0.37479222 -0.248269585 0.794610175
0.446659991 -6.100210223E-02 -0.247156468 0.51411353
0.20520598 0.376891475 -0.414496686 0.596627338
-0.187452178 0.356761375 0.606762476 0.728407647
0.427817809 0.210012995 0.157510159 0.501939225
-0.337073224 3.398716822E-03 0.396622503 0.52051831
-0.167755781 -0.454207748 0.347180325 0.595802701
-0.206416391 0.271682968 0.397582257 0.523918899
-0.159761128 0.329268213 0.300297492 0.473412883
0.225723609 -0.585778162 0.203124863 0.659808239
-0.539609372 -6.518742163E-02 -0.39868383 0.674074
0.298160307 0.366573294 -0.295025441 0.557059745
0.350112357 0.128933563 -0.390387399 0.540004489
0.369281054 -0.141545589 0.410121724 0.569739835
0.168501157 7.211348211E-02 0.392803275 0.43345981
-0.611313887 -0.199773969 0.404350007 0.759679693
-0.151505924 0.318308547 0.429085937 0.555327937
-0.402189736 -0.175166666 0.114270104 0.453318432
-0.526654341 -0.194107792 -7.571173544E-02 0.56636
4.468958073E-02 -0.433917689 0.262857188 0.5092893
-0.385741991 0.303734137 0.147056755 0.512520243
-0.142960485 0.180173218 -0.572811587 0.617262669
0.39198534 -0.257979262 0.44351523 0.645686895
0.564035279 0.259410648 -0.215990845 0.657329237
0.322411414 0.276501527 0.519761262 0.671233181
0.511532442 -0.140971716 2.319900449E-02 0.5311088
0.506360984 0.134337539 -0.32679462 0.617448576
0.193698825 -0.320907469 -0.439108936 0.577336554
0.187053105 -0.252596724 -5.860766417E-02 0.319732
-0.205281836 -0.334950881 0.552597385 0.678009288
-0.358882069 -0.36731867 -7.453760328E-03 0.513590
0.643226535 -0.129016016 0.16476933 0.676412921
0.424488353 -0.415266798 -0.142642216 0.610723895
-0.135998145 -0.293714436 -0.242148267 0.404226977
-0.421744313 0.122165813 0.158431984 0.46679058
0.330960151 0.476714147 0.128875846 0.594474544
-0.420246965 -0.147000687 6.224879311E-02 0.449546
7.727834436E-02 -0.392216209 -0.225594982 0.459019
0.496753548 -0.202333314 0.123029921 0.550308295
-3.505576041E-02 -0.441806802 -3.09182638E-02 0.44
-0.302121354 -0.126499548 -0.435185818 0.544670675
0.395989263 0.281887363 -0.201919399 0.526345348
5.031618034E-02 0.51865639 5.59361837E-02 0.524084
-0.171604692 3.957089222E-02 0.564874651 0.5916902
0.147610839 0.135008708 0.399569376 0.446846727
-0.534019052 -0.324786063 0.12498406 0.6374036
0.163229106 -0.541901568 0.1291331 0.580496691
0.497091606 -0.198062243 0.455063611 0.702432635
-0.444150119 -1.449855328E-02 1.477229757E-02 0.44
2.73579389E-02 -0.562307062 7.969092209E-02 0.5685
-0.110780688 0.586419647 0.159642396 0.617775086
0.214401149 0.475262972 -8.756849136E-02 0.5286879
0.452344308 6.728173039E-04 -0.5003551 0.67451542
0.275042107 0.460266402 -0.302950833 0.61585106
-0.19965029 -0.429752159 7.890102138E-02 0.4803878
0.302706771 -0.545051277 0.25882688 0.675058248
-0.164731401 0.357635378 -0.497086659 0.634140871
0.451658298 0.17751493 -0.127324079 0.501715248
0.560547513 0.343862412 4.214672709E-02 0.65896222
0.520404396 0.146215733 1.500646438E-02 0.54076332
-0.491285259 8.767732945E-02 0.405758306 0.6431860
-0.556096694 -0.148484842 -0.28068025 0.640369178
0.310928995 -0.318331634 0.416780637 0.609686779
0.446844686 -9.459349556E-02 0.121079081 0.4725232
-0.242131776 -0.335442302 -0.394457284 0.571616903
-0.378679059 -0.224229559 0.211968783 0.488474656
-0.472583246 7.504221626E-02 2.11145901E-02 0.4789
0.305336201 4.120016549E-02 -0.295470687 0.4268847
0.514257517 -6.389785513E-02 0.466724129 0.697406
0.404625401 -0.139408405 -0.218903089 0.48070259
0.390018009 0.212963167 -0.213781102 0.493122417
-0.395807866 0.349169094 -0.163669405 0.552603472
-9.801942191E-02 -0.663800233 0.16007445 0.689827
-0.274845044 -0.134075338 -0.444372742 0.53942852
-0.238839424 -0.334774432 0.107278081 0.425002091
7.705737005E-02 -0.189104538 0.5416707 0.57888298
0.351507464 0.472327642 -0.145793573 0.606553101
-0.453841657 0.304820869 -8.312097109E-02 0.55298
-0.257557102 0.171212215 -0.390672687 0.498271444
-0.15592541 0.376922808 0.357125818 0.542146093
-2.964024074E-02 -0.229584063 -0.673709447 0.7123
0.527231513 0.464956335 -0.196048738 0.7297894
-0.518537658 -9.797242364E-02 7.459202233E-02 0.5
4.00623127E-02 0.543105384 0.127558245 0.55932061
0.132744545 -0.119756533 0.419462012 0.455972719
0.354350447 0.604039874 0.328094081 0.77335253
-0.168423651 0.169241586 0.529853521 0.581166065
-0.604335056 2.624976923E-02 0.143033043 0.621585
-0.40198855 -0.207860969 4.269751381E-02 0.454559
-0.245861955 0.487033977 -7.374605351E-02 0.55053
-0.654352757 -0.159136134 -0.180298547 0.69714374
-0.353964566 0.379310649 0.431937166 0.675083105
0.105775785 0.438586184 -0.238322443 0.510239105
0.562120718 0.322086548 -0.157196837 0.666656052
0.443126052 0.21981502 -0.481056127 0.689995897
4.125293548E-02 0.351045726 -0.313361361 0.47236664
-0.107959143 0.128249202 0.244717506 0.296630565
0.625055521 5.256220281E-02 0.286847742 0.689738223
-0.332675176 -5.737746391E-02 0.388655884 0.5147993
7.550725175E-02 -0.558280052 0.215283398 0.60309609
-0.166367271 0.230634516 0.509406801 0.583408637
-0.113086077 0.309482767 0.230448172 0.402087558
0.54163442 -0.243051953 0.186891497 0.622390977
-0.502977108 -0.102330895 -0.349409857 0.620922565
0.352219859 0.153267122 -0.302947535 0.489210433
0.195232452 0.133600409 -0.517254687 0.568785717
0.352935552 -0.161453066 0.285818727 0.481998901
0.442153105 -0.124909852 0.444933423 0.63958392
-0.213378731 -0.202811542 0.540384431 0.615368457
-0.231577779 0.265212048 0.428439505 0.554550366
-0.349973836 -0.215149824 0.19133407 0.453188547
-0.542132437 -5.932995334E-02 -6.482132986E-02 0.5
-0.201089921 -0.347520032 0.199915789 0.448523858
-0.405402109 0.210618201 -4.153657415E-02 0.458733
-0.282520603 -1.080795248E-02 -0.520955183 0.59273
4.572189355E-02 -0.224097634 0.527732827 0.5751627
0.478092763 0.157762465 -0.225773081 0.55175644
0.277124872 0.291349681 0.406388248 0.571694184
0.529665528 -9.244311869E-02 0.335798499 0.6339179
0.469349436 0.154934324 -0.211696688 0.537688595
0.221205179 -0.197554332 -0.649809591 0.714291222
0.246857988 -0.354310869 5.333726196E-02 0.4351090
-0.128369584 -0.208326005 0.306626592 0.392298791
-0.248751111 -0.411348626 0.109596662 0.493047904
0.319294686 -0.125536495 9.447641216E-02 0.3558571
0.382671438 -0.420639442 -3.158613392E-02 0.569537
-0.245772905 -0.478234582 -0.164111354 0.562178951
-0.580238962 -2.890146095E-02 5.379240308E-03 0.58
0.245885041 0.597854243 0.181589762 0.671464065
-0.560033005 -2.948852703E-02 0.169046997 0.585733
-4.542341333E-02 -0.460658879 -0.125989987 0.47973
0.677698528 -0.1986658 -2.378277245E-02 0.70661801
-7.959032931E-02 -0.550061127 1.558033796E-02 0.55
-0.118626925 -5.880884974E-02 -0.415327813 0.43592
0.334380306 0.222352926 -0.10462474 0.414966684
0.16767003 0.499207353 -4.021402641E-02 0.52814618
-0.224915569 9.957036474E-02 0.54182901 0.59504617
0.251712827 0.235126561 0.521233874 0.624762834
-0.329596377 -0.375930072 0.414356516 0.64934468
4.218465552E-02 -0.548969448 0.151484486 0.5710468
0.377450508 -0.204424324 0.269178043 0.506670513
-0.737087847 5.779962378E-02 0.188842337 0.7630863
-8.161207934E-03 -0.341408608 4.564108951E-02 0.34
-4.360449792E-02 0.497841929 0.244618562 0.5564046
7.370647602E-02 0.364063422 0.125452393 0.39206265
0.296039614 7.434631209E-02 -0.234666473 0.3850132
0.195199471 0.418307668 -0.266361445 0.53294705
-0.179411351 -0.463567824 0.133745526 0.514753753
0.250946013 -0.559355241 0.116585387 0.624054756
-0.106836132 0.347757497 -0.329462803 0.490810528
0.337722954 0.364498774 -0.305386497 0.583247
0.338351247 0.323938445 0.149797496 0.491789561
0.79819384 -2.453474473E-02 -4.395409907E-02 0.799
-0.570624931 -5.880555162E-02 0.312243297 0.653120
-0.594968384 -3.550100716E-02 -2.252948531E-02 0.5
0.406114504 -0.213147862 0.304782941 0.550684703
0.273703069 -2.264491965E-02 0.403424883 0.4880346
-0.240514046 -0.372054777 -0.417423771 0.608698914
-0.426172045 -0.186066966 9.264430426E-02 0.474158
-0.489522411 -0.144268191 0.297190659 0.590565653
0.222620075 -7.245648701E-02 -0.289723706 0.372490
0.399886821 0.207313481 0.188870371 0.488426418
0.594541277 -3.732157163E-02 -0.200242303 0.62846
0.384223205 0.133742228 -0.392226103 0.565115715
-0.104546409 0.462001215 -0.296999368 0.559091852
-0.137675241 -0.653803619 5.221589979E-02 0.67017
-0.478021028 -0.316003159 -0.506080643 0.76451273
-0.257812707 -0.331448273 2.538566073E-02 0.42067
9.029603994E-02 -0.396728043 0.480041954 0.629274
0.28115518 0.483099315 1.970299301E-02 0.55930438
-0.364340464 0.306987736 0.13727287 0.495811744
-0.174688438 0.173708895 -0.25042326 0.351287119
-3.886509368E-02 0.220679129 0.233134494 0.323359
-0.153039552 8.707047463E-04 -0.542439163 0.56361
0.591492161 0.26492841 -0.136321361 0.662294159
-0.261612146 -0.198495946 0.391716543 0.511158885
8.877560476E-02 0.5365718 0.193665844 0.577318684
0.234862711 -0.252659388 0.425474492 0.547746111
0.318527872 0.525561013 0.211878085 0.650051311
-5.955092765E-02 0.187999666 0.382384501 0.430241
-0.66065877 -1.563310794E-02 -3.250960865E-02 0.6
-0.488267475 -0.183273455 0.270535221 0.587523269
-0.236805306 0.493478511 0.23467142 0.595540485
-0.645213655 -9.812248828E-02 -0.108603926 0.6616
-0.221003994 0.140336827 0.498447135 0.563015752
1.427263178E-02 0.65842594 -0.289449962 0.7193814
0.463437548 0.368383965 -2.795489935E-02 0.592674
0.323804871 -0.185059389 -0.397415701 0.545009919
-5.448500912E-03 0.379778983 -0.523793218 0.647009
-6.461024992E-02 0.251791982 0.489322875 0.5540853
0.573624574 0.165884096 0.105525128 0.606381265
-0.30286673 -8.453091912E-02 0.456664851 0.5544515
-0.216587806 -0.365775148 0.24268751 0.489488472
-0.231802052 0.227052753 0.330928819 0.46346416
-0.108155382 0.206564807 0.513801552 0.564232789
0.228035594 -0.428251512 4.384196285E-02 0.487156
-0.530615388 -0.177633663 -0.28454895 0.627753545
0.355527877 0.423218575 -0.313984707 0.635688941
0.337859827 -3.435655811E-02 -0.358446717 0.49377
0.38252632 -4.194554153E-02 0.270749599 0.4705222
0.487004294 2.747667137E-02 0.372615458 0.6138162
-0.613724816 -0.248134362 0.30598016 0.729282297
-0.297632608 0.236716257 0.383756521 0.540267362
-0.481522812 -0.107828867 -3.139814085E-02 0.4944
-0.641372989 -0.218141222 3.791853208E-02 0.67851
7.097562932E-02 -0.208197378 0.270644059 0.348757
-0.423940864 0.322949008 0.346118329 0.635468186
-0.21457595 -3.454125306E-02 -0.479339453 0.52631
9.923065796E-02 -0.272939553 0.404986545 0.498354
0.476786705 0.20724422 -0.263668526 0.582920939
0.307457719 0.136842465 0.264915217 0.428294503
0.640818905 -6.868013499E-02 0.381025674 0.748696
0.287781111 9.281415764E-02 -0.360699336 0.470676
0.160262443 -0.288735918 -0.355362971 0.485113721
0.408010925 -0.480160686 -0.145991461 0.64679263
-0.390445116 -0.272398661 0.519906379 0.70494756
-0.132657145 -0.29982586 9.00717675E-03 0.3279856
0.415461387 -0.208695395 0.103836488 0.476386343
0.484395478 -0.280620884 -0.119054032 0.572329382
-0.289232286 -0.386836969 -0.12760277 0.499580446
-0.482677155 -6.455418182E-02 7.399176375E-02 0.4
4.0336057E-02 0.665139271 0.29741823 0.729722448
-0.348052679 6.115051781E-02 0.256686398 0.436769
0.10710328 -0.564698202 -0.295965406 0.646491062
0.529383539 -0.215440058 -8.307974454E-03 0.57160
-6.933316355E-02 -0.50680623 -5.9400863E-02 0.514
-0.252715456 -0.19521926 -0.335925477 0.463488498
0.317355389 0.407733882 -0.198045752 0.553338488
8.697812716E-02 0.449755281 4.640790335E-02 0.460
-0.22308511 -7.11372374E-02 0.572798394 0.6188097
0.117866708 -2.612114239E-03 0.347503541 0.366957
-0.530176737 -0.320877786 0.257951228 0.671259087
8.322156388E-02 -0.62366866 0.137101367 0.6439605
0.318910455 -9.433624189E-02 0.612077403 0.696593
-0.489639495 9.93592848E-02 -5.673597878E-02 0.50
-9.143719086E-02 -0.487185691 0.132873172 0.51319
-7.763124363E-02 0.573115014 0.193176072 0.609757
9.750903721E-02 0.461638422 0.106534354 0.4837019
0.444069315 0.114613108 -0.36691465 0.587333025
0.260942627 0.547980011 -0.168705641 0.629948204
-0.387211306 -0.36986812 0.151327825 0.556448679
0.270752897 -0.523009914 0.330669916 0.675417719
-4.36572679E-02 0.402433797 -0.394620541 0.565317
0.396040384 0.239341563 -4.619682341E-02 0.465044
0.510671632 0.240383771 -8.095905078E-02 0.570196
0.498445486 -9.332041968E-02 0.114692263 0.519914
-0.425238676 -0.197412512 0.174793978 0.500352442
-0.350865979 -2.450176349E-02 -0.25383352 0.43374
0.250269897 -0.408677146 0.136555528 0.498296542
0.413121368 -0.186416567 0.246064789 0.515721128
-0.390257123 -0.251699634 -0.391464237 0.60736939
-0.330752369 -0.237270341 0.228531962 0.466820311
-0.636095991 -4.6531583E-02 -4.190596404E-02 0.63
0.37301618 -0.152069903 -0.406391546 0.572206619
0.398820702 0.310772334 0.149873353 0.527351323
0.312081689 2.631573171E-02 -8.211669232E-02 0.3
0.300622357 7.845907276E-02 -0.497749582 0.58675
-0.236692345 0.498917118 -8.571494565E-02 0.5588
-0.185015689 -0.655205322 0.109629643 0.68959660
-0.298651728 -0.26772357 -0.406022156 0.57072125
-0.239851948 -0.345623611 0.166238644 0.45234933
0.109835776 -0.356438159 0.406711464 0.551838993
0.475681834 -2.52999095E-02 -7.410884716E-03 0.4
-0.470751138 0.253037023 9.628213507E-02 0.54305
-0.2173002 0.226079807 -0.654163114 0.725438375
-2.540215135E-02 0.556241812 0.465444457 0.72573
-1.215358708E-02 2.931537552E-02 -0.593246763 0.
0.464079034 0.311214282 -0.18925955 0.589951571
-0.403952583 -0.379963678 7.032589888E-02 0.5590
-9.891568712E-02 0.5555591 0.235858744 0.6116040
0.113468659 -7.24614342E-02 0.668298874 0.681725
0.196174067 0.545735638 0.149451193 0.598871697
-0.178555488 0.176769554 0.476915332 0.539052661
-0.532287537 9.083033603E-03 7.668138391E-03 0.5
-0.573410196 7.440073113E-02 0.219803477 0.61858
-0.269151658 0.399798596 5.815252306E-02 0.48545
-0.572046422 -0.152035273 -0.112037274 0.6024152
-0.197443845 -0.133150215 0.551123123 0.60037467
0.275742958 0.55575204 -0.253734577 0.670280348
0.513234274 0.261369734 -0.1994557 0.609513031
0.388225479 -5.624290924E-02 -0.456961682 0.6022426
-6.481143549E-02 0.377882562 -0.319947715 0.499361
-0.174109617 0.284413727 0.362429202 0.492504064
0.469443432 0.111653042 0.274242312 0.555024669
-0.355684538 -0.17178444 0.484453195 0.625073021
-0.289159727 -0.538398961 0.223860169 0.65084573
-0.294651104 0.331438379 0.342602529 0.560399112
6.855480627E-02 0.400646214 0.408131306 0.5760106
3.303401037E-02 -0.649478129 0.28159383 0.7086664
-0.443723012 -6.903963051E-02 -0.213612898 0.4972
0.313786819 0.220261916 -0.328089134 0.50459881
0.31700249 1.778348482E-02 -0.496550714 0.5893805
0.409303789 -1.578152353E-02 0.325323657 0.523081
0.347463964 -4.111111615E-02 0.319357351 0.473719
-0.356586575 -6.379561329E-02 0.505556241 0.62194
-0.24070039 0.344531931 0.301870697 0.517459996
-0.437667656 -0.208629432 0.187979878 0.52001505
-0.606749283 -0.112169199 -6.686286864E-02 0.6206
6.467951053E-02 -0.548880399 0.431285786 0.701042
-0.265090018 0.352114319 0.236383146 0.500134185
-0.257329532 0.152182039 -0.515114205 0.595584171
0.166548668 -0.372684718 0.215852324 0.461762475
0.526660937 0.294083826 -0.194332065 0.633736531
0.211017274 0.354277888 0.388185901 0.566329768
0.546327651 -0.149091697 0.364650488 0.673551939
0.278833301 0.16548997 -0.307312602 0.446739269
0.299515836 -0.23372156 -0.393802607 0.547189178
0.293401115 -0.389211618 -0.148217694 0.509449097
-0.298691305 -0.262283314 0.389686548 0.556654865
-0.362803539 -0.617382435 -8.435941667E-02 0.7210
0.506918367 -0.314657524 0.165757118 0.619234213
0.339268126 -0.529454448 -1.018625609E-02 0.62891
-0.221102937 -0.180420577 -0.20909117 0.353775651
-0.315970177 0.168570418 0.172711212 0.397595651
4.485448693E-04 0.560981216 0.161184269 0.5836784
-0.322813785 -0.103386294 0.356077015 0.491618049
8.525650641E-02 -0.479299876 -0.295591069 0.56953
0.518839436 -0.312648966 -0.129629467 0.619473595
-3.893435428E-02 -0.490704789 -9.030923244E-02 0.
-0.179708183 -8.763445384E-02 -0.467438173 0.5084
0.128399267 0.493155295 -5.823332709E-02 0.512912
0.272085339 0.451767136 -5.343125849E-02 0.530074
-0.271089305 0.131054257 0.433892953 0.528136085
9.704729985E-03 -5.759514009E-02 0.471969795 0.47
-0.361019254 -0.335072912 0.298935367 0.576169342
1.202825837E-02 -0.522901076 0.198669098 0.559499
0.270947486 -0.106905393 0.367782057 0.469153434
-0.486234182 1.230530079E-02 -9.67669593E-03 0.48
-0.165433902 -0.391137722 8.682146626E-02 0.43346
-0.176339149 0.449072569 0.168609995 0.511068487
0.327233271 0.462340922 -2.190119268E-02 0.566851
0.473610612 9.260802489E-02 -0.293066355 0.564598
0.167472142 0.470794014 -0.401037042 0.640721961
-0.183390538 -0.407816336 0.360428889 0.574330251
0.404788658 -0.442832518 0.191446206 0.62976674
-4.378919287E-02 0.346629538 -0.5228582 0.6288483
0.448375016 0.171875138 -0.272372276 0.552057854
0.45951443 0.349185585 5.877257037E-02 0.58011921
0.635936032 0.186001003 6.875928996E-02 0.6661372
-0.454620014 -9.509151229E-02 0.116037898 0.47873
-0.315188522 1.663903578E-02 -0.147907671 0.34856
0.33971667 -0.20175944 0.270820508 0.479017782
0.517393209 -0.137370164 -1.443918704E-02 0.53551
-9.674717056E-02 -0.262385556 -0.497315879 0.5705
-0.493176733 -0.233329083 8.805166653E-02 0.55264
-0.442215769 -0.104116829 0.108887565 0.46717406
0.401066725 -7.333048988E-02 -0.352782189 0.53915
0.521809397 0.155800081 0.277293077 0.611105688
0.417252268 -0.10014094 -0.425385442 0.604218866
0.210710549 6.161225517E-02 -0.386550032 0.44454
-0.165032355 0.351678966 -0.239440507 0.45633927
-0.197851163 -0.549671949 0.156647699 0.60483289
-0.40752775 -0.163212615 -0.291547569 0.52698881
-0.332124389 -0.446208148 0.200638078 0.59132390
6.874279934E-02 -0.259803125 0.443083176 0.51821
0.300106201 0.402526145 -0.162597515 0.527758449
-0.388449751 3.887828617E-02 0.111316634 0.40595
-0.355537771 0.120333705 -0.395349427 0.54514995
0.220505977 0.418494012 0.541903217 0.719318581
-0.21802249 -0.166824061 -0.505298988 0.57505751
0.437050907 0.294037652 -0.127965564 0.542076399
-0.610528933 -0.245786098 0.366329233 0.75322871
-4.134033577E-02 0.53163121 0.282688808 0.603534
-5.309814797E-02 -0.267621328 0.618734666 0.6762
0.14579852 0.304820869 0.112931065 0.35626731
-8.030107504E-02 0.299876981 0.490332101 0.58034
-0.558341068 5.338013757E-03 -4.611766844E-02 0.
-0.325732624 -0.234707699 0.30939042 0.506864754
-0.107045563 0.382852835 7.755538678E-02 0.40503
-0.549399853 -0.179703235 -0.176766256 0.6044665
-0.136943057 5.248139877E-02 0.608251579 0.62568
0.215845728 0.351802646 -0.117620998 0.429172668
0.272368978 0.311875556 -0.166444777 0.446267953
0.350884118 0.209364914 -0.449268808 0.607285594
0.125834976 0.245985634 -0.487109834 0.560017288
-4.13040564E-02 9.335999717E-02 0.470846784 0.4817
0.5094975 0.174881378 0.188609819 0.570740626
-0.171342491 9.349027307E-02 0.411615774 0.4555504
-0.108937037 -0.398185813 0.412410622 0.583525271
-0.14101789 0.366969069 0.346629538 0.524122486
-0.155694542 0.27758661 0.542668382 0.629113733
0.194562933 -0.348715602 0.129058892 0.419658794
-0.534893055 -2.551428757E-02 -0.130140676 0.5510
0.384040159 0.377160273 -0.369061729 0.652643298
0.103330226 2.841663672E-02 -0.535701095 0.546315
0.284047635 -9.748924847E-02 0.58602717 0.6584945
0.390817804 5.735437704E-02 0.268886159 0.4778366
-0.128231063 1.818585595E-02 0.611676681 0.625237
-0.188979209 0.269090642 0.425504175 0.537751539
-0.513643242 -0.150269127 0.227138504 0.581379472
-0.509913063 -0.192082744 -1.047154382E-02 0.5449
-7.915497698E-05 -0.563768131 0.315643663 0.64611
-0.454583734 0.441110898 0.17113306 0.656133919
-0.126522634 0.17013043 -0.479778104 0.524537291
0.130371545 -0.149269796 0.331754999 0.38644481
0.354050317 0.33152413 -0.191541852 0.521486488
0.132000818 0.206500493 0.449524412 0.511994987
0.387780232 -3.92113967E-02 0.306369338 0.4957551
0.45402965 4.969943114E-02 -0.387803319 0.5991697
-1.570236855E-02 -0.288607291 -0.569322172 0.6384
0.354719837 -0.302662247 -4.307349995E-02 0.46827
-6.64044294E-02 -0.194978497 0.445269832 0.490603
-0.176202277 -0.431592512 -6.523689349E-03 0.4662
0.361903151 -0.14017357 0.225660945 0.448938061
0.296059402 -0.428357052 3.850559815E-03 0.520726
-0.168082295 -0.410095339 -0.236073122 0.50215571
-0.392242594 6.689255176E-02 0.318387702 0.509607
7.956394432E-02 0.572570824 0.212118848 0.6157614
-0.500526602 -0.163662809 0.158120312 0.549831272
1.931216531E-02 -0.405623083 -0.163638073 0.43781
0.466653219 -0.339601236 0.141898489 0.594331059
1.294843498E-02 -0.640033951 -0.239402579 0.68346
-0.203114969 -0.114913238 -0.376767796 0.44318699
0.38697549 0.372859519 -0.142548219 0.555962449
0.200361035 0.572656575 -1.706119565E-02 0.606935
-0.251336841 0.171443084 0.585520908 0.659846703
0.207776867 0.157205082 0.322078303 0.414269354
-0.470775874 -0.282866906 0.280129463 0.616535584
0.176480968 -0.65791638 0.117456091 0.691227479
0.504667397 -4.180702032E-02 0.333961444 0.606603
-0.499924695 3.662566745E-02 1.91868366E-02 0.501
4.600883034E-04 -0.569978498 5.672773347E-02 0.57
1.936163717E-02 0.539724806 0.195631525 0.5744122
0.298994733 0.37234831 -0.126778239 0.494078775
0.235885129 9.184286011E-02 -0.212310139 0.330382
0.108871075 0.517333842 -0.396520261 0.66084456
-0.303879255 -0.295640541 0.140747443 0.446716659
0.285932513 -0.462083668 0.128151908 0.558302454
-7.524669995E-03 0.416144099 -0.49638086 0.647785
0.436188448 0.270545115 7.255872886E-04 0.5132792
0.387074433 0.384703082 -3.942907289E-02 0.547154
0.512289362 1.005598019E-02 6.353835961E-02 0.516
-0.462970864 -0.217356269 0.221093043 0.557196466
-0.614028243 0.119260165 -0.182465414 0.651572941
0.338321564 -0.319304581 0.300307386 0.553716012
0.457340966 -0.146040932 0.185656349 0.514739734
-0.180671235 -0.243431237 -0.342531619 0.45741531
-0.308945173 -0.325706239 0.184561372 0.485380855
-0.737640283 6.098396254E-02 5.461033784E-02 0.74
0.265621016 -2.232500162E-02 -0.530902325 0.59406
0.542894304 8.079414458E-02 0.268727849 0.611127
0.437302389 -2.399715051E-02 -0.432760048 0.6157
0.282611302 0.205562177 -0.553207538 0.654342064
-0.172351717 0.427426981 -0.239005155 0.51915547
-0.234246786 -0.613391705 0.1710638 0.678515854
-0.426301496 1.078486561E-03 -0.179741164 0.4626
-0.399242862 -0.356942772 0.310647005 0.61911595
0.111545853 -0.377518119 0.617910135 0.732649536
0.354901233 0.301535937 -0.263879606 0.53526746
-0.355798323 0.240924663 9.987049402E-02 0.44114
-0.268955419 0.144502358 -0.44228503 0.537432783
-7.63515715E-02 0.353882113 0.273632159 0.453802
-0.266333411 -0.142643865 -0.500369941 0.5845090
0.430840539 0.171523888 -0.211030467 0.509487853
-0.387252532 -0.31828546 0.235980775 0.554037078
0.215289994 0.347198465 0.379765791 0.557780074
0.110869738 -0.179576258 0.673783654 0.706062422
0.285170646 0.435855337 0.400715474 0.657164411
-0.140879368 0.17069441 0.599081145 0.638656242
-0.672972316 6.244503149E-02 3.087373913E-02 0.6
-0.361573338 -0.22913222 0.20634713 0.475201001
-5.866703041E-02 0.53108702 9.81521714E-02 0.543
-0.507162428 1.567103637E-02 -0.11538487 0.52035
-0.227918511 7.214151617E-02 0.417333072 0.48095
0.214501742 0.429090885 -0.325989878 0.57999947
0.523496387 0.168738622 -0.224015181 0.593888871
0.210923278 6.744498754E-02 -0.411647107 0.46742999
0.119118346 0.446958472 -0.47524978 0.663191834
-0.114815943 0.362183491 0.541114966 0.661184534
0.40687637 3.629420599E-02 7.349869421E-02 0.41505
-0.49917602 -2.089361579E-02 0.387216253 0.6320994
-5.287882272E-02 -0.520915605 0.187204819 0.556052
-0.209853036 0.347081381 0.186536948 0.446430079
-0.190338036 0.333488163 0.318389351 0.498813294
-1.345634608E-02 -0.442571967 0.166591543 0.47307
-0.352064847 -7.349869421E-02 -0.424903916 0.5566
0.527168848 0.252402135 -0.343557336 0.677971589
0.467799317 7.981130362E-02 -0.484440002 0.678150
0.3417747 6.546776217E-03 0.394369884 0.521900767
0.359676917 -9.257174553E-02 0.311910187 0.484999
-0.264252294 -8.858761169E-03 0.448205163 0.52038
-0.128326708 0.285307518 0.37219 0.486203167
-0.577069465 -0.223029042 1.560672295E-02 0.61886
-0.671959792 -0.144781049 0.229387825 0.724644939
4.999296418E-02 -0.399254406 0.460784208 0.611739
-0.3899471 0.313912148 0.23016948 0.550978735
-3.060988921E-02 0.119712008 -0.478435767 0.49413
9.250248492E-02 -0.36406672 0.391474131 0.5425433
0.397912069 0.225855534 -0.155463673 0.483232543
0.28068025 0.293155404 0.453558018 0.608634841
0.482119772 -0.10479954 0.286105664 0.570332245
0.517838455 3.789874333E-02 -0.199173711 0.556114
0.149045523 -0.332759278 -0.664354318 0.757832412
0.340399382 -0.358588536 -0.155938603 0.518434495
-7.347560734E-02 -0.255360552 0.554642222 0.61500
-0.255136279 -0.360290368 8.858101544E-02 0.45027
0.518897153 -0.17565149 9.465121273E-02 0.5559375
0.163893678 -0.303259207 -0.180986206 0.389336989
-0.154777663 -0.48351158 -0.204681578 0.547388456
-0.47080061 -0.157848217 6.676557398E-02 0.501025
9.34193634E-02 0.471480024 -2.429892886E-02 0.481
-0.394064807 -0.233685281 0.142172233 0.479696599
0.207562489 -0.335320271 -0.316558892 0.505698926
0.495078101 -0.314845517 7.665170079E-02 0.591697
-0.188553751 -0.429824717 -9.384647047E-02 0.4786
-0.187894127 -0.105635615 -0.35335936 0.413915358
0.191261511 0.481295241 -8.424892951E-02 0.524713
9.874583373E-03 0.567379577 0.228391792 0.6117024
-0.231851524 0.11028597 0.5878197 0.641443781
0.426389721 0.110229902 0.441452254 0.623569497
-0.232118672 -0.377058031 0.13384447 0.462564783
0.161525625 -0.530720928 0.200882139 0.590007512
0.188428423 -4.765129612E-02 0.492823834 0.529765
-0.658961885 -1.184686155E-02 -0.130407825 0.6718
-9.384482141E-02 -0.502884761 1.941440716E-02 0.5
-6.771873183E-02 0.352935552 0.352722823 0.503550
0.17802449 0.593157714 3.462040804E-02 0.62026394
0.258328863 -0.180432121 -0.277370583 0.419790414
0.313394342 0.391573075 -0.386040472 0.632908155
-0.119334373 -0.531733452 0.116051091 0.557179515
0.338621693 -0.369069974 0.175532758 0.530743861
-0.154998637 0.322586214 -0.350597182 0.501003819
0.464027913 0.308222884 6.415510881E-02 0.5607487
0.357134063 0.457763126 2.868378477E-02 0.5813042
0.597791578 4.694879569E-02 0.160311915 0.6206922
-0.360254089 -0.222893819 0.466311863 0.630009061
-0.58796152 -0.156162875 -0.328727321 0.691481919
0.412545845 -0.247817742 0.296107225 0.565055039
0.381134512 -0.220050836 0.178895195 0.475067761
-2.490743274E-02 -0.377269111 -0.401284401 0.5513
-0.390029553 -0.26473382 0.17371714 0.502379033
-0.459329735 0.178689062 -7.034898575E-03 0.49291
0.500219877 -0.248635677 -0.421811925 0.699974946
0.397757057 3.757552718E-02 0.292316032 0.495046
0.534443685 5.947836892E-02 -0.186492424 0.56916
0.380345436 0.146255311 -0.438736248 0.598784404
-0.278344354 0.367955208 -0.338915226 0.57247720
-0.123766227 -0.486179763 0.227164889 0.55072019
-0.218704377 -0.164193807 -0.336115119 0.4333181
-0.199938051 -0.668298874 0.396678571 0.80246650
0.124415133 -0.17674152 0.464530877 0.512353028
0.386988682 0.302502288 -0.275390059 0.563123041
-0.469844154 0.368636271 -2.358653406E-02 0.5976
-0.254087476 0.173891941 -0.374279361 0.48464821
-5.88715141E-03 0.3419495 0.413667208 0.53673520
-0.148554103 -0.188698869 -0.546251794 0.5967131
0.597583796 0.39087717 -9.732599133E-02 0.720668
-0.410276736 -0.302395099 0.1929518 0.544977241
1.122846329E-02 0.565072539 9.246620556E-02 0.57
0.31948103 -0.207166714 0.524738131 0.648333465
0.13438866 0.541253487 0.210845772 0.596214381
-0.213095092 0.209191762 0.475388301 0.561395358
-0.513915337 4.560316109E-02 1.930392E-02 0.5162
-0.433944074 -0.119871967 0.244753785 0.51242673
-0.269469926 0.54476434 9.53256791E-02 0.6151985
-0.483965072 -3.259206175E-02 -0.287913036 0.564
-0.185773433 7.031435545E-02 0.495416159 0.53375
-4.348246733E-02 0.421765751 -4.347257296E-02 0.
0.374627313 0.148958123 -0.161085325 0.434145861
0.22319065 0.110525084 -0.269857456 0.367223239
0.198586645 0.361119846 -0.213190738 0.463998372
-0.168816128 0.197227818 0.592003371 0.646425315
0.529175757 0.210834228 4.219949708E-03 0.56964538
-0.32598658 -0.128265693 0.358603378 0.501313994
-2.383884055E-02 -0.599945253 0.361690422 0.700944
-0.324360605 0.554361881 0.357335249 0.734993454
7.133842296E-02 0.226116086 0.551574966 0.6003770
0.134401853 -0.35814164 0.136611596 0.406192098
-0.343413867 2.162909745E-02 -0.45329087 0.569098
0.349551676 0.320881084 -0.385821146 0.611562753
0.336345988 -0.416269427 -0.409130638 0.673644371
0.29699607 3.595614827E-02 0.476658079 0.56276321
0.308031593 -9.702421298E-02 0.442717084 0.547992
-0.469428591 -0.148455159 0.41612431 0.644640658
-0.182409346 0.221841717 0.394930565 0.488320661
-0.404112542 -0.35177791 0.326398846 0.627368194
-0.482043915 -0.15390366 -0.133567427 0.52334781
-0.171693741 -0.471229366 0.160048065 0.526451555
-0.324591474 0.329245127 0.128435546 0.479851714
-0.230014469 2.412247922E-02 -0.54279536 0.590013
4.267772506E-03 -0.221023782 0.547125797 0.590098
0.511367536 8.615359615E-02 -0.349485714 0.625347
0.250439751 0.193205755 0.492756222 0.585540116
0.668628686 2.101564638E-02 0.349317509 0.7546712
0.292461149 0.212753736 -0.422661192 0.556273457
0.281148584 -0.217948282 -0.473056527 0.591885511
0.419468608 -0.362091144 -0.188227237 0.585229359
-0.183418572 -0.366969069 0.589562759 0.71825686
-0.238302654 -0.371998708 -0.185559055 0.47916944
0.368878683 -6.095263036E-02 0.128664766 0.395400
0.357269287 -0.501143351 -0.164749541 0.637125116
-0.111875666 -0.41770741 -0.26981458 0.509701435
-0.463897637 0.108874373 0.139715131 0.496563152
3.14871902E-02 0.542096158 0.136540686 0.55991342
-0.523003318 -8.45836891E-02 0.103170267 0.539750
8.732278112E-02 -0.233513778 -0.401417975 0.47253
0.31825083 -0.264483163 0.245921321 0.481364966
-0.376032314 -0.521120089 -0.21244866 0.676831501
-0.249130396 -4.980167299E-03 -0.485404704 0.5456
0.328997767 0.480642212 -0.14912138 0.601243423
0.171377121 0.575034522 2.313469107E-02 0.6004748
-0.161274967 3.169827014E-02 0.471653175 0.499470
0.276884109 0.134995515 0.439232616 0.536482889
-0.192772052 -0.37162602 0.199726146 0.463850727
0.102675549 -0.568230493 0.238587942 0.624781856
0.376545172 -0.138933475 0.298767162 0.500350472
-0.523832796 6.914517048E-02 7.854647305E-02 0.53
-0.115615738 -0.527950504 0.121084028 0.553859256
-3.288064761E-02 0.402750417 9.888930212E-02 0.41
0.173525849 0.335511562 4.366551321E-02 0.3802445
0.372260909 -2.997829845E-02 -0.368327896 0.52454
0.128135417 0.476397527 -0.373769801 0.618932268
-0.180964768 -0.406632309 0.278384756 0.524972527
0.313006813 -0.509223755 0.252728649 0.648963688
2.682859E-02 0.505783812 -0.420131531 0.658063478
0.412234173 0.188952824 -1.386201534E-02 0.453687
0.308349862 0.369663637 -9.30070979E-04 0.4813851
0.522231557 9.332371781E-02 3.899701864E-02 0.531
-0.484044227 -9.06753242E-02 0.188979209 0.527478
-0.664835844 1.622677027E-02 -9.24167337E-02 0.67
0.368118466 -0.336369074 0.311766718 0.588093399
0.396883054 -0.285215171 0.235880182 0.542681594
-0.186685364 -0.370827874 -0.417991048 0.58913602
-0.249923594 -0.500068163 7.128070579E-02 0.56356
-0.773472751 0.155557669 -0.1102332 0.796623904
0.451969971 -0.116532617 -0.432969479 0.6366469
0.170662253 0.322741226 0.30509956 0.475786975
0.436127432 -4.700156568E-02 -0.394369884 0.5898
0.33987498 0.163913467 -0.60965493 0.716981005
-0.162178653 0.452538898 -0.327596065 0.58173237
-0.147779868 -0.613299358 0.220776423 0.66836907
-0.120741847 -0.143717404 -0.385804656 0.4290437
-0.313546881 -0.200895331 0.218718394 0.43186608
0.201457662 -0.142549868 0.527828473 0.582673623
0.431961902 0.360066096 -0.290650479 0.633021626
-0.289443366 0.376780988 6.093449068E-02 0.47901
-0.335095999 0.161143042 -0.712358513 0.80356148
-7.914838069E-02 0.338677761 0.353224137 0.49571
-0.180572291 -0.157790499 -0.481639895 0.5380345
0.261415908 0.273887764 -0.147934056 0.406493873
-0.388547046 -0.175133685 0.108722659 0.43984228
2.190778893E-02 0.479263597 0.301699195 0.566741
0.190283617 -0.156550405 0.556027434 0.608179571
0.162081359 0.352584301 8.78620244E-03 0.3881536
-6.558979276E-02 0.419443872 0.46856778 0.632290
-0.468635392 -2.750635449E-03 -9.368321333E-02 0
-0.52829186 -0.406140889 0.216221714 0.700567298
-0.145000374 0.558352611 0.288097731 0.644812414
-0.511502759 -0.115168842 -3.057031172E-02 0.525
-0.131520941 0.100251427 0.490587705 0.517710733
0.182491799 0.46635309 -0.169591187 0.528724533
0.543250501 0.391578022 9.900473646E-02 0.676946
0.245612946 0.111494732 -0.584914053 0.644112757
0.107499055 0.382661543 -0.316479737 0.508080041
-2.666038567E-02 0.342000621 0.468609007 0.5807491
0.695656813 0.226591016 0.146322922 0.746118146
-0.402549231 7.682815043E-02 0.304339343 0.5104614
-0.1114634 -0.495305672 0.408043906 0.651346012
-0.180479944 0.323915358 0.42329773 0.56273896
-5.711361398E-02 0.291249089 0.502672032 0.583752
-8.515756269E-03 -0.529917835 0.255924531 0.58854
-0.550341468 -7.488390631E-02 -0.399993185 0.6844
0.251076289 0.254885622 -0.298221323 0.465770266
0.367002051 1.665222827E-02 -0.465137731 0.592723
0.463650277 -6.593609579E-02 0.496905262 0.682813
0.278058241 -0.103574287 0.436721095 0.527986111
-0.344432988 -9.525641849E-02 0.387928648 0.52744
-0.218137924 0.367918929 0.197250904 0.47101636
-0.466348143 -0.397727374 0.151809351 0.63143783
-0.422608422 -0.281148584 6.161225517E-02 0.51131
-1.367402227E-02 -0.537703056 0.358225742 0.64624
-0.655607693 0.299103571 0.146542247 0.735363191
-0.363723715 0.171931206 -0.591162349 0.715072167
0.148817953 -0.458337 0.530127266 0.716417829
0.486371054 0.228170817 -0.259150096 0.596470868
0.142818665 0.250944364 0.55891659 0.629092998
0.463627191 -0.115872992 0.199114344 0.517709614
0.331847346 8.493493931E-02 -0.231350209 0.413351
0.279789757 -0.160387772 -0.560694279 0.646826576
0.465144328 -0.327503717 -0.114266805 0.580236877
-0.312754506 -0.340910591 0.443808763 0.641094089
-0.212583883 -0.534823794 2.260534216E-02 0.57596
0.532353499 -0.111229233 0.188225588 0.575500706
0.303829783 -0.381731473 -0.121107115 0.502691145
-0.433838534 -0.374947231 -0.128170047 0.58756179
-0.344093281 0.113584094 0.289901805 0.464052356
3.245354054E-03 0.368453225 9.110737845E-02 0.379
-0.446584135 -0.328044609 0.112279686 0.56538251
-6.223889874E-02 -0.463521651 -0.2499137 0.530266
0.505955314 -0.322289383 2.390810116E-02 0.600360
-0.168712237 -0.511928217 0.147546526 0.558841924
-0.167864619 -5.754566823E-02 -0.440538673 0.4749
0.313710962 0.20510044 -0.120792144 0.393791189
0.214727664 0.510510024 -5.871155508E-02 0.556934
-5.81723118E-02 -1.57782254E-02 0.447878648 0.451
0.355694432 -1.504274374E-02 0.425631153 0.554893
-0.331593391 -0.444920231 0.162007151 0.578060988
0.205728732 -0.512544966 0.196787518 0.586303659
0.47700768 -0.176720082 0.460325768 0.686051111
-0.639240752 -4.141124543E-02 -1.317105835E-02 0.
-9.461658243E-02 -0.498389418 0.2200261 0.5529518
-0.150341686 0.654624852 0.267210712 0.722867819
0.131283476 0.560249032 2.246022471E-02 0.5758635
0.362107634 9.26772855E-02 -0.456734111 0.5901839
0.23208734 0.396111293 -0.351225474 0.578038081
-0.113067937 -0.666376068 0.156842289 0.693859442
0.278074732 -0.58880419 0.373690646 0.750773355
-7.67770295E-02 0.500559584 -0.451506585 0.678463
0.488115762 9.613701761E-02 -3.874306309E-02 0.49
0.335706152 0.310854787 -7.580078479E-02 0.463761
0.657502465 4.277666879E-02 -7.271044256E-02 0.66
-0.321364259 -0.101232619 0.365062754 0.496783498
-0.457045784 0.108267518 -0.211261335 0.515018501
0.431562829 -0.247728693 0.20418521 0.537873201
0.525204815 -0.209153834 0.175855974 0.592039482
-7.696667164E-02 -0.416081434 -0.466552627 0.6298
-0.407661324 -0.301926765 0.168245553 0.534466175
-0.471588862 8.667799787E-02 0.137258028 0.498747
0.389235529 -1.641146522E-02 -0.304669155 0.49456
0.591356114 0.445814023 0.162491975 0.758192481
0.368810247 -5.907599779E-02 -0.425807602 0.5664
0.26515598 0.181637585 -0.503128822 0.597024721
-0.206991089 0.442862202 -0.322193737 0.58547505
-0.148343848 -0.590202595 0.302804066 0.67973178
-0.49842075 -0.235030915 -8.559951131E-02 0.5576
-0.341965166 -0.390115304 0.252026148 0.57675584
0.199241322 -0.377574187 0.565783285 0.708780711
0.221970344 0.3247201 -9.932300543E-02 0.4056834
-0.39140487 0.312342241 -8.964136232E-02 0.50871
-0.286880723 0.183942974 -0.477776143 0.58686080
-5.175416242E-02 0.344602841 0.189069908 0.39645
-0.18117255 -2.361456812E-02 -0.583614592 0.6115
0.536901612 0.117883198 -0.193266771 0.582676441
-0.395961229 -0.324706908 9.373598331E-02 0.5205
-4.501939313E-03 0.540963252 0.17027225 0.567145
0.129706973 -0.162839927 0.613573102 0.647929543
0.419219599 0.422403938 0.253840117 0.646996881
-2.627120703E-02 0.205163104 0.462901603 0.50701
-0.610627877 -3.755408937E-02 -0.136971091 0.626
-0.597186373 -6.38252964E-02 0.148814655 0.61874
-0.27836002 0.481834484 1.127958421E-03 0.556462
-0.532030283 -0.136616543 -0.101872455 0.5586575
-0.146527406 0.118448827 0.565705779 0.596257858
-1.335410423E-02 0.57452826 -9.245466212E-02 0.5
0.432941444 0.20147745 -0.278259427 0.552684147
0.415787901 0.109082154 -0.381047112 0.57443485
9.08187926E-02 0.438977011 -0.404701257 0.60393044
-7.256697417E-02 0.244753785 0.327022191 0.4148661
0.421722876 0.290873102 -3.282952668E-02 0.5133567
-0.365699292 4.084726622E-02 0.444478282 0.5770315
-5.738735828E-04 -0.616086272 0.119560295 0.627580
-0.213622792 0.352856397 0.433528511 0.598405634
-0.235495951 0.520445622 0.321351067 0.655430009
0.140668288 -0.616764037 0.136261995 0.6471111
-0.479946308 -0.130282496 -0.33535655 0.599821643
0.319951013 0.357430895 -0.276745588 0.553817313
0.284172963 -2.246022471E-02 -0.526115098 0.59837
0.305567894 -6.670785681E-02 0.4488417 0.54706539
0.344700136 -0.200496258 0.308991347 0.504472582
-0.361636003 -2.291536582E-02 0.389191829 0.53176
-0.270456066 0.367463788 0.314809238 0.554329302
-0.663305514 -0.21974411 0.134880081 0.711656037
-0.567307018 -0.233820504 9.97979353E-02 0.621666
-0.122093254 -0.282131425 0.397806529 0.50274739
-0.356289744 0.270370314 0.20012357 0.489991767
-0.193217299 -2.877283412E-02 -0.551924567 0.5854
7.269725007E-02 -0.323404149 0.512868182 0.610662
0.319017644 0.300782316 -0.288232954 0.524709915
0.239186552 0.268902649 0.3074907 0.473359665
0.561917883 -0.163209317 0.119052383 0.597128511
0.394722783 0.30487199 -0.309027626 0.586729136
6.203441505E-02 -5.236761349E-02 -0.56243239 0.56
0.312583004 -0.420514113 -0.298526399 0.603040848
-0.302279664 -0.156251924 0.443310746 0.558848886
-0.16559551 -0.337797162 -0.168557225 0.4122382
0.395781481 -9.122611092E-02 0.315404549 0.514242
0.307404949 -0.290274493 -3.09314563E-02 0.423926
-0.25494169 -0.559622389 -0.347620625 0.706408226
-0.450685352 0.201973818 0.13370265 0.511651354
4.672452326E-02 0.510602371 7.894884418E-02 0.518
-0.501727119 -0.132983659 0.280881436 0.590177208
-2.595788525E-02 -0.631867796 -0.211231652 0.6667
0.451912254 -0.296118769 0.130816792 0.555899311
-0.189137519 -0.575641377 -0.133999482 0.62055769
-0.181828876 -0.151937978 -0.360715826 0.43158173
0.23983958 0.379782281 -0.235271678 0.507060517
0.172600725 0.485342039 7.419294932E-02 0.5204349
8.185943865E-03 0.129227096 0.4608848 0.478728996
0.39184517 3.737434161E-02 0.472367219 0.61487418
-0.404923881 -0.35756282 9.240024308E-02 0.548044
-1.830458842E-03 -0.542115946 -4.12694261E-02 0.5
0.255185751 -7.348879984E-02 0.303861115 0.403549
-0.428192146 4.366386415E-02 0.197069508 0.473382
-7.679681825E-03 -0.589166984 0.115292522 0.60039
-0.16795037 0.588438099 0.112339052 0.622162989
0.204257769 0.583022579 -2.056215432E-02 0.618109
0.377114099 -0.194940569 -0.506529188 0.660899907
0.297739797 0.399857962 -0.450947553 0.67222695
-0.221373384 -0.442479619 9.429336627E-02 0.50367
0.345684626 -0.371177476 0.259453524 0.569725118
-2.737442952E-03 0.44458712 -0.350029904 0.565849
0.468927276 0.214289013 -6.793475895E-02 0.520026
0.444775114 0.281016659 1.691937632E-02 0.5263853
0.52582981 6.891759992E-02 7.366030229E-02 0.5354
-0.453734467 4.622650653E-02 0.126713926 0.473358
-0.412669525 8.650649542E-02 -2.081775893E-02 0.4
0.303313626 -0.34237166 0.44639944 0.6391322
0.421706385 -2.375968558E-02 0.100980313 0.434278
-0.271313578 -0.248902825 -0.508755422 0.62800935
-0.351291437 -0.329637603 3.642448189E-02 0.48310
-0.658058199 -9.804333331E-02 3.732157163E-02 0.6
0.25015941 6.076133917E-02 -0.511106984 0.5722779
0.387076907 0.241198407 0.387282215 0.598324927
0.448806246 -7.707715879E-02 -7.667478766E-02 0.
0.233271366 0.15357055 -0.403073633 0.49037516
-0.297850284 0.467558554 -0.135651842 0.57072516
-0.38234245 -0.644638132 0.109570277 0.757462683
-0.385001563 -0.177257676 -0.351810891 0.5508333
-0.309147183 -0.355677942 2.823194177E-02 0.4720
7.283082409E-02 -0.146021144 0.449689318 0.47837
0.480948938 0.331242141 -0.288219762 0.651232576
-0.499494289 0.227224256 -4.495507971E-02 0.5505
-0.237402266 0.365981281 -0.393617912 0.58756888
8.581059125E-02 0.447614798 0.23938279 0.5148073
-0.389135761 -7.116362239E-02 -0.344586351 0.524
0.448304106 0.186065317 -0.271635145 0.556221652
-0.308630202 -0.281725755 0.265233486 0.49494525
5.776169536E-02 0.627842435 0.220103606 0.667808
7.2509257E-02 -0.159957367 0.611637103 0.6363520
0.262919852 0.41250297 0.314829026 0.581724045
-0.124909852 0.32626857 0.566485785 0.665552248
-0.751012527 4.051745382E-03 5.900673718E-02 0.7
-0.65127066 1.317105835E-02 0.154507217 0.669476
-6.132531838E-02 0.455228518 0.30323612 0.550405
-0.677883222 7.678032763E-03 -0.162003853 0.6970
-0.188438317 1.443588892E-02 0.68275785 0.708431
0.158019719 0.586762652 -7.516259779E-02 0.61229
0.306539192 0.207826339 -0.207956615 0.42473994
0.375278693 -3.445220371E-02 -0.364597718 0.5243591
0.116499635 0.482853605 -0.272068848 0.566340204
-0.117368691 0.276331674 0.43052392 0.524867077
0.575647974 0.262459764 1.405165747E-02 0.63281369
-0.36373361 -1.276703815E-02 0.405233904 0.5446830
-6.97652178E-02 -0.479402118 0.145999706 0.5059738
-0.141552186 0.398673936 0.154193895 0.450281785
-0.109075558 0.376691939 0.527389823 0.657217102
0.135859624 -0.654867264 0.105322293 0.677053732
-0.403063739 -0.196884813 -0.357529838 0.57363018
0.40800103 0.304786239 -0.234828081 0.560806312
0.18363295 9.836984759E-02 -0.576764389 0.6132331
0.300762527 -3.62068057E-02 0.422460006 0.5198475
0.26856624 -0.162208336 0.39910599 0.507666191
-0.330923872 -4.568891231E-02 0.479032728 0.58401
-0.11230772 0.357048312 0.282738279 0.469081502
-0.625482628 -6.671115494E-02 9.211000816E-02 0.6
-0.529193896 -0.17076367 -0.197903933 0.590230783
-0.182864487 -0.341260192 0.361639301 0.529793284
-0.361546953 0.215242171 0.154992041 0.448405982
-0.148860828 -7.256532511E-02 -0.437436788 0.4677
0.253246454 -0.454006563 0.324327624 0.612734962
0.371197264 0.207722448 -0.322289383 0.533672625
0.223919535 0.289924892 0.353390693 0.509000376
0.501905218 1.309355243E-02 0.250611253 0.5611472
0.217066034 0.126466566 -0.463825078 0.527489486
0.225040898 -0.229183341 -0.535773654 0.624677371
0.171855349 -0.378496013 -0.101816387 0.427972043
-0.239922033 -0.15724466 0.562293869 0.631239147
-0.224971637 -0.384957038 -3.406962132E-03 0.4458
0.463950407 -0.109553786 -1.668850764E-03 0.47671
0.564952157 -0.339680391 -9.436262688E-02 0.66592
-0.308338318 -0.315792079 -0.265797465 0.51521398
-0.433350412 0.183860521 0.264915217 0.540164181
2.152025935E-02 0.470032147 0.302992059 0.5596405
-0.40068744 -0.215195997 0.251228002 0.519591427
-1.730360777E-02 -0.448501994 -0.220741793 0.5001
0.469243896 -0.131341194 0.317404861 0.581537779
-0.265159278 -0.499662494 -0.264016478 0.62424094
-0.174846748 -0.146317975 -0.418393419 0.47648020
0.421651966 0.455352197 -0.281641653 0.681511573
0.180549204 0.44404293 -1.403681591E-02 0.4795510
-0.136060809 0.143171565 0.48940203 0.527754666
0.323024865 0.109817636 0.376269779 0.507921178
-0.423441198 -0.317876493 6.744498754E-02 0.53375
0.335105893 -0.387602133 0.170090853 0.539872459
0.267538875 -0.282784453 0.350602129 0.523894979
-0.572961651 4.336373486E-02 5.169314713E-02 0.57
-0.215426866 -0.46100848 0.142277773 0.528375357
-0.105272821 0.34390199 0.354686855 0.50512742
0.190300108 0.540420711 7.458047889E-02 0.5777810
0.238042103 0.130371545 -0.322765962 0.421709199
0.403109913 0.465787462 -0.350557604 0.70876385
-9.717592668E-02 -0.525760549 9.903936677E-02 0.5
0.393533809 -0.416853195 7.015769456E-02 0.577544
-8.596560308E-02 0.46434948 -0.34188024 0.5830031
0.456744006 0.321092164 -1.086731871E-02 0.558420
0.371241789 0.345115699 1.364433915E-02 0.5070616
0.532896041 0.112561675 0.126598491 0.559173943
-0.389343543 -7.647690022E-02 0.294344378 0.49404
-0.610225506 -3.98149534E-02 -0.137917653 0.62688
0.405298218 -0.388970855 9.639262223E-02 0.569961
0.47887112 -0.199846528 0.261758912 0.5811832
-7.001917335E-03 -0.173738578 -0.541632771 0.5688
-0.479781402 -0.231996641 0.277774603 0.600975345
-0.60754578 -0.116700821 6.482462799E-02 0.622039
0.366174221 1.051441944E-02 -0.35278054 0.5085746
0.422055162 0.268622309 0.184163948 0.533108679
0.451843818 1.256915071E-02 -0.37523087 0.587468
0.285159103 0.33412635 -0.509787735 0.672933627
-0.296628329 0.491572196 -0.306544139 0.65084629
-0.282885046 -0.693592187 0.245278187 0.78819760
-0.541025916 -0.367288987 -0.140750741 0.6688953
-0.335166084 -0.45267577 0.17464886 0.589706605
0.150941945 -0.393893305 0.401747787 0.582526129
0.469062499 0.257969368 -0.281438819 0.604793875
-0.379188619 0.147886233 -2.501627084E-02 0.4077
-0.294416937 0.218055471 -0.444694309 0.57617926
-6.63351688E-02 0.35977751 0.199328723 0.4166199
-0.119886809 -5.868517009E-02 -0.606478837 0.620
0.288312109 0.443539966 -0.266015142 0.592128051
-0.44553698 -0.157712993 0.214754049 0.519129936
9.391078389E-02 0.42672613 0.189932367 0.4764333
1.974092144E-02 -0.167462248 0.487373684 0.51571
0.279065818 0.470030498 0.315574402 0.631184287
-3.433347125E-03 0.205702347 0.607761807 0.64163
-0.493056351 -6.183817667E-02 2.435664603E-02 0.
-0.479957852 5.96746073E-02 0.200268688 0.523476
-7.064746598E-02 0.467260074 0.195321502 0.51134
-0.496893719 -0.19078823 -0.116746995 0.54491593
-0.273986707 0.206825358 0.646214635 0.731736838
6.900005302E-02 0.604915526 -0.237570471 0.65354
0.5118705 0.519179143 -2.489918743E-02 0.7295055
0.217430476 -3.160757173E-02 -0.433338868 0.4858576
0.13713105 0.512094772 -0.154700157 0.552248241
-6.254232615E-02 0.174269576 0.352612335 0.3982673
0.50805457 0.169545013 0.248988576 0.590643944
-0.374628962 -2.484311932E-02 0.423485723 0.565954
-0.203068795 -0.45265763 0.37653198 0.622825977
-0.19564142 0.398410086 0.259282021 0.51403631
-8.77795713E-02 0.315087929 0.449768473 0.5561270
0.164005814 -0.449900398 0.115163895 0.492514973
-0.424168435 -0.154042181 -0.341362434 0.56584111
0.29924539 0.220433418 -0.409524764 0.553036371
0.146611508 0.115774048 -0.393916392 0.435968678
0.413564966 -7.826778157E-02 0.499675686 0.653328
0.406312391 -0.220492785 0.356200694 0.58359726
-0.477739863 -5.153978436E-02 0.428706653 0.64395
-0.193263472 0.352454025 0.441925534 0.597388306
-0.571334027 -9.833686635E-02 5.227856414E-02 0.5
-0.603975561 -0.138610259 7.639774524E-02 0.62436
-6.572171772E-02 -0.177267571 0.519273139 0.55261
-0.424208012 0.301009887 0.101651481 0.529992842
-0.266956756 0.130724444 -0.57422978 0.646602374
0.276824743 -0.230340983 0.390267018 0.531034134
0.522825219 0.310373261 -0.191970608 0.637597432
0.208593153 0.18772922 0.374729555 0.468161941
0.506611641 -0.241297351 9.3515009E-02 0.56888032
0.470005762 0.25293808 -0.372371396 0.650802232
7.733771059E-02 -0.201879821 -0.384788834 0.44136
0.236736045 -0.362035076 -7.82578872E-02 0.439588
-0.264057705 -0.419072833 0.37633904 0.622076831
-0.337737796 -0.278021962 3.970281718E-02 0.43924
0.486892158 -5.399688677E-02 0.293402764 0.571020
0.352054952 -0.339195567 -0.106916936 0.500427371
1.041547572E-02 -0.357783794 -0.352384765 0.50228
-0.451875975 0.107502353 0.134533778 0.483578318
3.681366052E-02 0.534025648 0.138465142 0.5529115
-0.434090841 -0.193744999 7.781264045E-02 0.48169
0.184023778 -0.515137292 -0.152717985 0.567938344
0.379543167 -0.30647158 2.983153193E-02 0.488741
-0.122228477 -0.548266948 6.922762358E-03 0.56176
-2.639158856E-02 -0.110041909 -0.323908762 0.3431
0.364993493 0.289344422 -0.151370701 0.489748439
9.706379047E-03 0.471384378 2.66851216E-02 0.4722
-4.373972101E-02 0.191353859 0.537195145 0.571933
0.218720043 8.754870261E-02 0.394529843 0.4595182
-0.382739049 -0.230561957 0.213400169 0.495164244
-4.982311079E-02 -0.556756319 0.253744471 0.61387
0.340801753 -0.170615255 0.363837501 0.526909031
-0.784778721 4.945536996E-02 -2.198859297E-02 0.7
-4.06312391E-02 -0.459316542 1.976071018E-02 0.46
-1.574689322E-02 0.429821419 0.212328278 0.479664
0.145496742 0.368898472 -4.586041476E-02 0.399197
0.205384078 0.20914394 -0.470894607 0.554676066
0.274835974 0.51805943 -0.266178399 0.644027426
-0.235670751 -0.287184151 0.223372047 0.43348646
0.32269835 -0.408525432 6.425735065E-02 0.5245533
-8.620141894E-02 0.412786608 -0.388796054 0.57357
0.449227581 0.36443611 3.119035904E-02 0.57930297
0.387654903 0.124830697 -1.467005573E-02 0.407522
0.562602244 0.111677778 0.11875885 0.585744719
-0.500881151 -1.884548076E-02 0.311662827 0.59022
-0.303994689 0.109606556 -0.137221749 0.35107859
0.344520388 -0.369703214 0.283196719 0.579288482
0.311123584 -0.321013009 0.13736027 0.467669841
-6.242854087E-02 -0.374073229 -0.39771748 0.54955
-0.334240135 -0.288536382 4.143927949E-02 0.44349
-0.669672543 8.746954764E-02 6.454428744E-02 0.67
0.296717378 -0.159850178 -0.399359946 0.522572146
0.347080557 0.276405881 0.145414289 0.466915881
0.370068481 0.132287755 -0.275274625 0.479819602
0.20567926 -2.297803018E-02 -0.427321441 0.47480
-0.286757868 0.494692221 -0.420609759 0.70983310
-0.306144241 -0.420464641 -1.975576299E-03 0.520
-0.333104756 -0.254178174 -0.198220553 0.4635263
-0.371934395 -0.350903907 0.319575027 0.60299000
0.149325864 -0.124364012 0.432512688 0.474164367
0.306850864 0.334879971 -0.322879747 0.557273164
-0.412196244 0.246419338 -7.301057185E-02 0.4857
-0.375395776 8.568691159E-02 -0.474276833 0.6109
0.102235249 0.377993049 0.372778715 0.540642915
-0.258628993 -0.111318283 -0.481118791 0.5574549
0.380784911 0.332226631 -0.199752531 0.543390059
-0.32238338 -0.475912703 0.15880962 0.596359321
0.166429935 0.560651404 7.151322354E-02 0.589188
8.071663867E-02 -6.98691087E-02 0.488785281 0.50
9.632995787E-02 0.523819603 9.516736914E-02 0.54
-0.275888076 0.247738587 0.375834427 0.527958478
-0.73344342 0.14173853 5.150350499E-02 0.7487868
-0.581271275 -0.27786695 0.215248767 0.679277829
-0.270525326 0.478402786 0.190588694 0.58170201
-0.527061659 -6.948982444E-02 -0.152811981 0.553
-0.309428348 1.77538017E-02 0.415039227 0.517994
0.134662405 0.618460922 -8.331720947E-02 0.63841
0.507294353 0.262499341 -0.113147092 0.582284921
0.29968569 -8.997777097E-02 -0.194699805 0.36853158
-0.207592172 0.368151447 -0.304439936 0.52087779
-0.10787669 0.30930137 0.425289797 0.536820388
0.570281926 0.223416571 0.177378058 0.637651484
-0.285337201 -0.187460423 0.40622664 0.530640002
-5.156946747E-02 -0.373407007 0.114621354 0.393992
-0.202755473 0.424208012 0.333656367 0.576531691
5.45773566E-02 0.395728711 0.528367716 0.66238383
0.306346251 -0.463351797 -4.439274956E-02 0.55723
-0.47547735 -0.104085497 -0.56157158 0.743152165
0.356309532 0.281145286 -0.198342583 0.495317004
0.202844523 9.262451551E-02 -0.480223351 0.529471
0.30073944 2.990079254E-02 0.155295468 0.33978662
0.399488572 -6.698489923E-03 0.270159234 0.482309
-0.299532327 -0.127924337 0.431866256 0.540918399
-0.269789845 0.369660339 0.286478352 0.539912189
-0.528735457 -0.216284378 -9.766075092E-02 0.5795
-0.437664358 -0.246007072 1.672148888E-03 0.50206
-0.21304562 -0.412212735 0.317559873 0.562273997
-0.416477209 0.319980696 0.118927055 0.538502141
-0.313232734 0.139375424 -0.440098374 0.557877077
0.12129181 -0.243833608 0.446846335 0.523295499
0.319908137 0.281527868 -0.22174937 0.480387281
0.212910397 0.335503317 0.164401589 0.430024645
0.440048902 -0.114299787 0.115760856 0.469156747
0.309116676 0.247450001 -0.365996123 0.539201061
0.199559591 -0.33029393 -0.635875017 0.743811231
0.299548818 -0.44267091 5.061630963E-02 0.5368882
-0.272322804 -0.163860697 0.504045701 0.595879271
-0.217798217 -0.498762106 -0.148303446 0.56408653
0.567475222 -0.232567217 0.382250927 0.722655803
0.265772729 -0.307708377 -0.161139744 0.437362099
-0.201145989 -0.459181319 -0.246551263 0.55865438
-0.279908489 0.140763934 0.263783961 0.409567119
-0.109642836 0.531796116 -4.804872006E-02 0.54510
-0.515247779 -0.322114582 0.249237585 0.656778084
0.140872772 -0.435276516 -3.556202245E-02 0.45888
0.589732612 -0.255650787 -0.115671806 0.6530864
-7.235094704E-02 -0.432473111 -0.142699933 0.4611
-0.235505845 -0.133982991 -0.446323583 0.52212947
0.379917504 0.356728394 -0.1327363 0.537783769
3.275366983E-02 0.422027952 -2.470459811E-02 0.42
-0.107568316 4.18861753E-02 0.354563176 0.3728812
0.322625792 0.178936422 0.445375372 0.578329375
-0.49003527 -0.321042692 0.271582375 0.64572437
0.206411444 -0.571878218 0.343583721 0.69835532
0.324537054 -0.203599793 0.434193083 0.579051646
-0.595435069 -5.050747153E-02 3.866390811E-02 0.5
-0.17392822 -0.396902843 1.828974686E-02 0.433725
1.893617917E-02 0.6348493 0.234737382 0.67712174
0.254179823 0.565394106 -3.609961667E-02 0.620951
0.275185575 6.599876014E-02 -0.380262158 0.474006
9.950275319E-02 0.15070448 -0.495435948 0.5273228
-0.180600325 -0.421378222 0.117198838 0.473193037
0.409788614 -0.44766427 0.241449065 0.653167404
-0.122617656 0.411810364 -0.566053731 0.710661446
0.604772058 0.323532776 -5.581415311E-02 0.688140
0.25471247 0.444712449 5.732469392E-02 0.51568762
0.547684829 0.107231907 -4.107483678E-02 0.559593
-0.471935165 -5.573829626E-04 0.149856862 0.49515
-0.431089548 -1.737781556E-02 -0.417436963 0.6003
0.18358018 -0.188873669 0.485198571 0.552080247
0.517177181 -0.302038901 0.26332882 0.654249037
-0.197374584 -0.305947178 -0.360394259 0.51229329
-0.373547178 -0.333522793 3.719789197E-02 0.50215
-0.592136945 -8.954406766E-02 -4.219949708E-02 0.
0.336670853 4.757214114E-02 -0.375961405 0.506909
0.326581891 0.274575422 0.388492627 0.57703892
0.437852351 -6.792816271E-02 -0.398697023 0.5960
0.234961655 0.232840961 -0.470058532 0.574784234
-0.351609706 0.520819959 -0.201716564 0.65997908
-0.247217484 -0.340217985 0.11561244 0.436154787
-0.400262807 -9.902947239E-02 -0.373324554 0.556
-0.332458324 -0.316037789 9.091278913E-02 0.4676
-1.666542077E-02 -2.401529019E-02 0.605898367 0.
0.388713601 0.399025186 -7.123618112E-02 0.56159
-0.460747928 0.158624925 -0.168804585 0.51569904
-0.27723371 0.106572282 -0.279445103 0.407806016
0.179704885 0.459783227 0.319035784 0.587774015
-0.288648518 2.429563073E-02 -0.602123664 0.6681
0.551845412 0.157000599 -0.22053566 0.614669443
-0.526505925 -0.408144499 0.208743218 0.69811471
0.14497234 0.643671782 0.248259691 0.70495618
0.24476203 -8.158404529E-02 0.589140599 0.643157
0.342243033 0.361916343 0.255598017 0.559860768
-4.619352529E-02 0.183050831 0.482119772 0.51776
-0.471341503 -0.224996373 -0.179375072 0.5522332
-0.49274138 -0.156528967 0.198019367 0.553630793
-0.190532626 0.446199903 0.236013756 0.539536401
-0.527995028 -2.107336355E-02 -0.139863546 0.546
-0.410547182 0.181588113 0.539086619 0.701525206
0.137724713 0.42793819 -0.139342443 0.47065434
0.382163527 0.136229013 -1.070406157E-02 0.40585
0.284860622 0.111262214 -0.463625541 0.555403905
-2.259544779E-02 0.416340337 -0.268561293 0.495958
-0.110191973 0.31492797 0.435073682 0.548280043
0.486130291 0.208114925 0.137309149 0.546340813
-0.225021109 -7.458377702E-02 0.53530532 0.5854477
-0.163207668 -0.623718131 0.165364641 0.665587346
-0.241604076 0.324288046 0.372904044 0.550084259
-0.19745209 0.219254339 0.247796304 0.385308709
6.686616677E-02 -0.545079311 0.186093351 0.579839
-0.481931779 -0.102123113 -0.206634067 0.53421438
0.313612019 0.216119472 -0.26884823 0.466196842
0.107941004 0.140790319 -0.33651749 0.380417133
0.353971162 -0.113363119 0.406134292 0.550537777
0.300201846 -8.151313562E-02 0.247906792 0.397772
-0.277754814 -0.226581121 0.39936984 0.536640485
-0.193134846 0.259799827 0.316362654 0.452639313
-0.390903555 -0.135767276 0.222963079 0.470054122
-0.616409489 -0.142304158 0.16979732 0.655013176
1.230859891E-02 -0.348763425 0.367117485 0.506520
-0.449725598 6.128574089E-02 0.169536768 0.484511
-0.21935823 6.794795145E-02 -0.383261802 0.446793
0.184767505 -0.196086667 0.351299682 0.442719413
0.427133448 0.374831797 -0.150239444 0.587804176
0.103260966 0.163585303 0.438261319 0.479057368
0.436364897 -8.362393501E-02 0.268925736 0.519353
0.450589706 0.145800169 -0.391523603 0.614474983
0.267735113 -0.271992991 -0.536462962 0.658372833
0.203174335 -0.578979079 -9.993315838E-04 0.61359
-0.184018831 -0.414584086 0.455019087 0.642483668
-0.135018602 -0.277939509 -8.248278409E-02 0.3198
0.384515089 -0.306540841 0.206559859 0.533372399
0.207019948 -0.233444518 -0.156810956 0.349203777
-0.137634014 -0.637876978 -0.285350394 0.71221837
-0.552877725 7.709364941E-02 6.898686052E-02 0.56
0.101790002 0.484200888 0.191284598 0.530472904
-0.32760431 -0.21580615 8.71413843E-02 0.40185880
0.109260253 -0.530328451 -0.188342671 0.573287913
0.530676403 -0.228071874 0.103930485 0.586886505
-8.711664837E-02 -0.452185998 -4.479841882E-02 0.
-0.126044406 -9.832367385E-02 -0.264440287 0.3090
0.257164626 0.410085445 -0.301047815 0.570029389
0.146143174 0.454906951 1.611628312E-02 0.4780772
-0.259450226 8.431324293E-02 0.486653044 0.557901
0.368308108 0.211591148 0.376990419 0.567929091
-0.358097116 -0.490167195 0.205453339 0.640865428
0.18992742 -0.416160589 0.382503234 0.596297564
0.377335073 -0.196640751 8.646032168E-02 0.434194
-0.519724982 -2.085733642E-02 3.894919584E-02 0.5
5.39391696E-02 -0.383245311 -6.034082836E-02 0.39
-2.461719783E-02 0.363252084 0.273651948 0.455459
9.181977325E-03 0.482050511 0.19789239 0.52117022
0.327650484 -6.16023608E-02 -0.46130696 0.5691693
0.348992644 0.479022834 -0.159025647 0.613634987
-0.278806916 -0.460335663 0.126611684 0.552876783
0.144494112 -0.499781226 0.40554063 0.659638556
-7.097398026E-02 0.373387219 -0.299024416 0.48360
0.574246271 0.207052929 -8.980791758E-02 0.617004
0.375103892 0.410804436 -2.982823381E-02 0.557093
0.576292757 -9.58203977E-02 4.322191553E-02 0.585
-0.327264603 4.13518792E-02 0.299275073 0.4453960
-0.613599487 -2.204466108E-02 -7.882846266E-02 0.
0.29472696 -0.294001373 0.339860139 0.537406459
0.403952583 -0.367394527 5.421291389E-02 0.548721
-0.148192958 -0.302398397 -0.468125832 0.57666952
-0.614681272 -0.202267351 0.182909012 0.672458812
-0.471483322 0.116883867 7.206401025E-02 0.491071
0.398070379 -0.210710549 -0.363260329 0.57863376
0.520486849 0.156298098 0.454191258 0.708255148
0.423840271 -0.129418387 -0.151350912 0.46829135
0.400087182 4.810973536E-02 -0.387483401 0.55904
-5.603100477E-02 0.628635634 -0.180070976 0.6563
-3.660670324E-02 -0.618685194 -3.553069027E-02 0
-0.373764854 -0.145153737 -0.273536513 0.4853782
-0.356705307 -0.361086865 0.299004627 0.58908927
-6.706075608E-02 -8.087824675E-02 0.497175708 0.
0.365089139 0.245716837 -0.243998515 0.50319193
-0.444636592 0.261620391 -0.104784699 0.52642830
-0.277326058 0.321921642 -0.28922404 0.513997891
-0.104388924 0.454316586 0.359614253 0.588746991
-0.172564446 -9.637613161E-02 -0.310274317 0.367
0.52428299 0.220431769 -0.102642567 0.577925873
-0.365872443 -0.276475142 0.339376964 0.57050668
0.161016065 0.432814467 0.137759343 0.481904734
5.026835754E-02 -0.118687941 0.661669645 0.67410
0.212521219 0.451000323 0.159998593 0.523608737
-0.114712052 0.401101355 0.464537473 0.624368654
-0.565131905 -0.211319052 -4.151348728E-02 0.604
-0.649572126 -0.147813674 0.110200219 0.67523101
-8.649495198E-02 0.471513005 0.281762035 0.55605
-0.657068762 -1.29649256E-02 -0.186278046 0.6830
-0.259041258 0.127503826 0.628358592 0.691515813
-1.588211631E-02 0.599577512 -0.120454086 0.6117
0.386531892 0.325104332 -0.207582278 0.546067882
