-1.2211242 0.418338817 -0.38623158 1.34734053
0.470330444 -0.525338756 0.801820128 1.06775796
-0.236983038 0.955008828 -1.16711228 1.52654967
-0.63834861 1.0026647 -0.271534919 1.2192443
-0.278338216 -0.578526136 -0.947081787 1.14417156
1.36234254 0.933649444 0.411528557 1.70206763
0.353557065 0.805677467 4.290877698E-02 0.88088588
1.10311622 -0.320006715 0.429253592 1.22618446
1.220414 0.614699961 -0.763285946 1.56520663
-0.794770021 0.545249164 -1.506857905E-02 0.963941
-0.242856447 1.67650571 0.253083747 1.71280531
-0.528231027 1.50090662 -0.342898261 1.62767562
1.71607733 -0.330435016 1.858346313E-02 1.74769965
-0.543843797 -1.33954041 -0.277890404 1.47219484
-1.41869355 -0.907054837 -0.382683165 1.72681391
-1.06891357 0.352200253 0.988234129 1.49774094
0.86075962 0.11409457 0.668891437 1.09605677
8.29731052E-02 0.592549393 0.657900622 0.88928766
-0.847131221 -0.424839969 0.185333316 0.965644212
-0.693225729 -0.393387959 0.447579985 0.91413557
0.419160416 -0.213187623 0.970578172 1.07850193
-1.64355159 0.44516869 -0.160031391 1.71027689
0.57268919 -0.471696967 -0.618571592 0.965971921
4.115692342E-02 1.2306173 -1.05869818 1.62387027
-0.626872604 0.786814946 -0.260036559 1.03906979
-0.460319905 -0.727734001 -0.419006687 0.957631346
1.30385287 0.480687287 0.144157337 1.39709481
0.736559781 0.592686082 5.471496166E-02 0.94699040
0.912427115 -0.165091263 -0.225554672 0.954281549
1.15889812 0.941337371 -0.354753734 1.53460455
-0.656083172 -1.40269692 0.604596891 1.6623902
-0.557622993 1.49249494 0.460841742 1.65857157
-0.45858784 1.65546075 -0.501582735 1.78953579
1.66521513 0.268457769 -9.534216972E-02 1.68940852
-0.267914311 -1.00183303 3.730801267E-02 1.0377087
0.796116572 0.363571635 7.761841759E-02 0.87864130
-1.07093899 0.516025953 0.472243356 1.27914303
0.895716894 0.287104629 0.627697868 1.13081494
0.236307839 0.280879603 0.946321936 1.01501722
-0.741458228 -2.019917745E-03 0.346354328 0.81836
-0.428465524 -0.691660036 0.572217741 0.994690632
-0.481987481 -0.133033131 -0.821377637 0.96159813
-1.43575878 0.412572963 -0.189009442 1.50577033
0.210717511 -0.379704592 0.8344525 0.940685081
-0.219541825 1.15778666 -1.02445413 1.5614656
-0.58797233 0.906643121 -9.019966143E-02 1.0843658
-0.315368086 -0.380776116 -0.747999324 0.896632851
1.25007916 0.939751706 0.318431311 1.59600428
-0.954854366 9.171569911E-02 -1.689079258E-02 0.95
1.00626351 -0.313925707 -0.225565666 1.07795894
1.4905692 0.486176465 -0.602682147 1.67969934
0.571152814 -1.45197382 0.491411687 1.63582669
-0.106992793 1.50151403 0.522943951 1.59356902
-0.703837443 1.19789294 -0.481841813 1.47054622
1.49555743 -0.769130222 -0.273887947 1.70389787
-5.631748349E-02 -1.52305316 -0.73289923 1.6911546
9.472175594E-02 0.903246237 -0.702874574 1.1484157
-0.882497922 0.32793174 1.2686214 1.57979178
0.797197898 9.339627654E-02 0.774130178 1.1151344
-2.263246007E-02 0.358724859 0.867059586 0.938609
-0.948769876 -7.609651658E-02 0.172825731 0.96737
-0.271903576 -0.898166026 0.499550358 1.06310128
3.133840816E-02 -0.127889157 0.887940559 0.897650
-1.55684537 0.624933307 -8.467713595E-02 1.67972598
0.235058033 -0.450705507 -0.913142075 1.04509147
-0.380281764 0.953559119 -1.22293597 1.59670335
-0.623924081 0.550878696 -0.392875101 0.920380052
-0.241955876 -0.605930249 -0.539874138 0.846851934
0.116118519 0.835576061 1.22902375 1.49069455
-1.0364877 -2.129818567E-02 5.040871104E-02 1.0379
-0.494876549 0.219397441 0.973291978 1.11370342
1.34464884 0.70138089 -0.422428124 1.57431292
-0.895734943 -1.17754828 8.091782423E-02 1.4817249
-0.167900349 1.42463915 0.559610112 1.53978918
-0.588302509 1.1952757 -0.509358612 1.42626436
1.46182514 0.578363795 -1.365716519E-02 1.57213992
-0.54622944 -0.906037549 0.640343242 1.23665278
-0.202250128 1.02578217 -0.383543242 1.11366045
0.6764282 -0.313912881 1.34893695 1.54133945
0.954578423 0.21426556 0.605229214 1.15040519
0.495928651 1.04329558 0.219232535 1.17578646
-0.879636799 -0.225656914 0.374101812 0.982157883
-0.405399177 -0.684018283 0.383988122 0.882992855
0.250309108 -0.470914396 0.706218689 0.884963194
-1.46327173 0.350050792 -6.427182575E-02 1.5059318
0.630452534 -0.430796198 -0.710619302 1.04308943
-0.190553147 0.686570115 -1.52783837 1.68581705
-0.544028492 0.61905605 -0.42778721 0.92854687
-0.330742108 -0.336305677 -0.717136395 0.858356837
6.707578087E-02 0.89959558 1.21611435 1.51416824
-0.955225588 0.163095532 1.174993335E-02 0.9691202
2.824293552E-02 1.60387772E-02 1.01575551 1.016274
1.32472707 0.497019231 -0.596831091 1.53562276
0.910356259 -1.35085334 0.777970843 1.80521242
-0.426288579 1.58280619 0.362102138 1.67872432
-0.799705664 1.20155056 -0.313857546 1.47707801
1.72614907 -3.181223865E-02 -0.269043736 1.7472799
-0.322694319 -1.34158964 -0.589510355 1.50050553
0.884819435 0.274062747 0.133190342 0.935818085
-1.02158769 0.448148728 0.827586722 1.38902069
0.698611291 0.499000304 0.58547565 1.03915387
0.401669732 0.854737795 -1.124587006E-02 0.944479
-0.87422073 -0.438208182 2.273690067E-02 0.978164
-0.501481592 -0.568992359 0.299156707 0.815310265
0.674790682 0.696327065 -0.668415408 1.17770667
-1.33916405 0.290064146 -8.289853095E-02 1.37272348
0.836638423 -0.680729137 -0.340234476 1.13097989
-0.210856765 0.505578962 -1.64649938 1.73523222
-0.883832013 7.953407797E-02 -0.443514864 0.992063
-0.389705604 -0.796564017 -0.55829013 1.04788957
-4.576916666E-02 0.78638051 1.32597522 1.54230328
0.891582604 0.530162446 0.199259645 1.0562652
-0.8151724 0.437799948 0.499363281 1.05144592
1.09429887 0.834690331 -0.716585425 1.55167414
0.552995908 -0.402770939 1.33715715 1.50200471
-0.621087511 1.46377378 0.475602496 1.65969307
-0.316073519 1.29397096 -0.104019901 1.33607015
1.47210832 0.263599632 0.115962408 1.50001165
9.510177312E-02 -0.957365521 -1.12608875 1.4811039
-0.223242321 0.821331829 -0.450684985 0.963088814
-0.857509318 0.506545862 1.15434964 1.52460947
0.391125721 0.72619341 -0.544470807 0.988324167
-0.465170713 9.920683818E-02 0.847319215 0.971687
-0.854430703 -0.440242025 0.28745423 1.00324214
-0.351549607 -0.665528816 0.624333781 0.977910222
0.761961382 -0.141605689 0.824630503 1.13165931
-1.55414128 0.306259034 0.130346992 1.58938354
0.686655866 -0.265412501 -0.687590701 1.00733363
-0.344365926 0.977456959 -1.09322368 1.50636915
-0.856607831 0.472616411 -0.416468414 1.06329168
-0.413167725 -0.464411778 -0.52740613 0.815195126
1.48371204 0.138452315 0.110196737 1.49422681
-0.666414912 0.181807622 -1.40727178 1.56766601
-0.380484782 0.10763098 0.963032797 1.04105008
1.54756995 -0.13233283 -0.509604689 1.6346809
-0.512382442 0.857639411 0.747907343 1.24797697
-0.625910468 1.59558789 -2.549083424E-03 1.7139635
-0.126861975 1.65521559 -0.393934165 1.70617019
1.33993893 0.256020177 -0.234159844 1.38412915
0.370605434 -1.14542016 -1.21811118 1.71263848
0.481479753 0.62956937 -0.5395599 0.958804062
-1.16538938 0.644350279 0.303329934 1.36577038
0.789085063 0.111243892 0.353710611 0.871861019
0.322048437 0.690611783 0.560875676 0.946171947
-0.868094098 -8.122015227E-02 0.316707125 0.92762
-0.537794305 -0.898862297 0.36021103 1.10766788
0.328488024 -0.115628747 0.988510622 1.04805899
-1.52284794 0.343364029 0.141459288 1.56747422
0.421533966 -0.571657976 -0.833282032 1.09491674
-0.300363821 0.962551271 -0.99714053 1.41810176
-0.631840312 0.354605685 -0.636884243 0.964670363
-0.247149322 -0.780646904 -0.659863555 1.05162364
1.48715564 0.491713648 0.195774811 1.57852526
-0.649086019 -0.301896716 -1.48222843 1.64604235
-0.45111594 0.310653601 0.881081744 1.03745665
1.2711124 0.8324007 -0.527876662 1.60849974
-0.609616269 0.794353175 0.453179466 1.0990908
-9.494657806E-02 1.56950284 0.328051755 1.60622911
-0.719581221 1.32734248 -0.579953858 1.61739966
1.69726429 -0.374363463 -0.188389212 1.74824042
0.372379092 -1.21670508 -0.111126625 1.27725744
-0.303063335 0.736666787 -0.630421385 1.01585258
-1.21793289 -6.187390635E-02 0.981374947 1.5653388
0.883014719 0.10960619 0.588446161 1.06676961
0.393011423 0.847462133 0.592735554 1.10633877
-0.914698606 -0.154344693 0.383331063 1.00371237
-0.365952148 -0.771812146 9.52690613E-02 0.859471
0.295865363 -7.082299947E-02 1.09645291 1.1378757
-1.62833038 0.164747526 -7.50475299E-02 1.63836312
0.388947768 -0.71319074 0.627514272 1.02649674
-0.325165347 0.78002649 -1.36789328 1.60788863
-0.760446994 0.520182322 -0.611774525 1.1059554
-0.403121639 -0.491899443 -0.512782614 0.816956625
-0.141475229 0.794342548 1.48356857 1.68877797
-0.689893524 -0.356139496 -1.53382538 1.71913022
-1.350032107E-02 0.135123775 1.10239338 1.11072582
1.21977893 0.856015635 -0.584658998 1.6007653
-0.441473142 0.258798663 -0.475959243 0.69886514
-0.121214121 1.53386386 0.324882625 1.57257112
-0.487239377 1.51215652 -0.418268824 1.64285373
1.53480712 -8.343007861E-02 -0.198312534 1.5498133
9.08012026E-02 -1.2350104 -8.017739539E-02 1.24093
0.726147786 9.05034553E-02 0.160317046 0.749121511
-0.992536532 0.149428472 1.42189145 1.74046917
0.905693628 0.140186762 0.428604778 1.01174865
-3.027073212E-02 0.263394049 0.873155252 0.912520
-0.848145761 -0.459240136 0.167699713 0.978966766
-0.558138233 -0.674337556 0.544783579 1.03103762
0.503029878 -8.738691131E-02 0.959082744 1.086515
-1.38936004 0.269025413 -0.140255656 1.42209973
0.541939314 -0.576638144 -0.477935552 0.924463174
-0.137704741 0.69184125 -1.56105524 1.71303835
-0.704268948 0.501419111 -0.43226936 0.966577817
-0.407636771 -0.525989586 -0.803861483 1.04356412
0.463220422 0.757318173 1.3857354 1.64571157
-0.725147355 -0.540995317 -1.38906614 1.6577151
-0.491923995 0.283871735 1.04297273 1.18758768
1.59872752 0.426037738 -0.942616676 1.90419642
-0.489013584 0.311714864 -0.607602764 0.839929498
-0.669127619 1.39314775 0.145396882 1.55233137
-0.375574791 1.28508398 -0.990340165 1.66531406
1.55976201 -0.133112653 -0.159546384 1.57354109
-0.154221379 -1.1816178 1.440290768E-02 1.1917266
-0.359836143 0.680431207 -0.399068245 0.867020265
-1.0210184 0.459114441 0.897041733 1.43455516
0.624461675 0.491343159 0.412857335 0.895444952
0.179028219 0.673406569 0.668215688 0.96542204
-0.898791937 -0.295288558 0.430332995 1.03933092
-0.488823392 -0.915212014 0.296214598 1.07902939
0.588416478 0.254584577 0.953759388 1.14921896
-1.67692384 0.401984519 0.10222169 1.72745894
0.768265747 -0.504976138 -0.54859053 1.07060017
-0.352626994 0.665857163 -1.31633701 1.51672498
-0.554668973 0.598356474 -0.419282081 0.917325243
-0.186208419 -0.525071974 -0.912974787 1.06953126
3.951262536E-02 0.938611288 1.24840023 1.56238777
0.867951546 0.424738277 -3.646589167E-02 0.966991
-1.2343691 -0.250574607 -0.622820675 1.40511932
0.833717751 1.11570846 -0.968599481 1.6964892
-0.874719846 0.311808311 2.169542639E-02 0.928886
2.370984726E-04 1.58651383 0.403433312 1.63700477
-0.745616613 1.3711423 -0.511116512 1.64232014
1.52760805 -0.267042874 -0.226297483 1.56719776
-0.170654099 -1.15855768 -0.303268735 1.20969031
4.920214733E-02 0.860875604 -0.470739045 0.982406
-1.00219069 0.350704371 0.846247324 1.35776076
0.759215053 0.105865751 0.601927059 0.97464416
1.67247888 0.191122257 -0.422973781 1.73569011
-1.00696656 2.587121788E-02 7.631089464E-02 1.01
-0.669411441 -0.581591559 0.372610694 0.96187273
0.478280023 -0.436259907 0.804700856 1.03277198
-1.45077954 0.145373246 -0.320500334 1.49285468
0.503553914 -0.565916675 -0.577606326 0.95260553
4.70671617E-02 1.10770611 -0.835913935 1.38851728
-0.491310911 0.76259902 -0.465123073 1.01945238
-0.265563848 -0.498496424 -0.77627634 0.960014478
-2.309126577E-02 0.672715062 1.27292288 1.4399345
0.71664241 0.531345006 0.162471637 0.906808079
-1.26376674 -0.327543661 -0.780171974 1.5208746
1.31808794 0.830695936 -0.554339527 1.65369401
-0.285322543 0.879169198 0.478708962 1.04091772
-0.458385006 1.71221743 0.190314766 1.78270162
-0.155975981 1.34689889 -0.763469541 1.55606904
1.24805539 0.323530577 -0.345968448 1.3349189
0.108598063 -1.16206102 -1.11174521 1.61187989
0.111790647 0.821781107 -0.448790396 0.94299213
-1.11515987 0.372165997 1.17600164 1.66284964
0.771937292 0.354983687 0.450633681 0.96175429
1.4262928 -0.130675705 -1.14610213 1.83437657
-0.930961106 -3.0105093E-02 0.355701212 0.997054
-0.431568692 -0.607428697 0.55378306 0.928383991
0.269685221 -0.111262214 0.869465751 0.917104188
-1.36522033 0.460626631 -0.281083721 1.46799575
0.531393745 -0.74071615 -0.227808024 0.939646861
-0.115870793 1.07320223 -1.06793513 1.51844477
-0.521940589 0.868178017 -0.319782442 1.0622692
-0.403362036 -0.381087605 -0.616598215 0.82953122
-0.245558161 0.844619517 1.19198032 1.48138382
-0.964070607 -0.158812735 9.741375807E-02 0.98190
-1.38117629 -0.303329934 -0.519088994 1.50635666
1.13138371 1.0898409 -0.303477983 1.59996287
0.739681089 0.222635832 0.560252514 0.954241954
-0.614933212 1.49109251 8.329192386E-02 1.6150657
-0.324466145 1.42318083 -0.538965139 1.5560223
1.45511858 5.507977083E-02 -0.325236074 1.4920396
-4.892638751E-02 -1.13904488 -0.517334942 1.25197
0.923477113 0.181419543 1.361832062E-02 0.9412271
0.967691031 0.191363387 0.811567 1.27737499
1.07676824 0.197699449 0.193613074 1.11175579
1.52788088 1.444541683E-02 -0.964193004 1.806736
-0.828487842 -0.378065791 0.609197957 1.09564958
-0.389717697 -0.555215729 0.61330119 0.914484958
0.424144981 -0.30838266 0.655707369 0.839613592
-1.48599251 0.200732258 -0.19220789 1.5117576
0.764774865 -0.717073731 -0.214927383 1.07017247
-0.140884865 0.941210943 -1.24605985 1.56792593
-0.698544504 0.784539057 -0.287468522 1.08908407
-0.362630204 -0.346375216 -0.855782934 0.99188753
1.57041862 0.460014645 0.379847144 1.67991427
-1.01791908 1.288027375E-02 0.100887416 1.0229875
-0.5372164 0.392652661 0.634795431 0.919642763
1.310846 0.743467518 -0.753365922 1.68482088
0.837454159 0.293636747 0.383492304 0.966756616
-0.262136364 1.5677858 0.203521371 1.60252574
-0.430255855 1.15368489 -0.766571244 1.45042766
1.4662875 -1.964289386E-02 -8.65479052E-02 1.4689
0.120186388 -1.14878388 -1.08425278 1.58422008
1.04954626 0.213162521 6.406349425E-02 1.0728885
0.504790893 0.585701938 -0.423502213 0.881597829
0.816234487 0.369992716 0.437628079 0.997322256
0.287286759 0.875074028 0.311231506 0.972189943
-1.00912481 -2.888588648E-02 0.434336551 1.09900
-0.337247475 -0.762100637 0.32244073 0.893588979
0.442698578 -0.260997962 0.873184203 1.01318933
-1.33163517 0.426750499 -0.385810336 1.45059223
0.332356723 -0.348427382 -0.926631769 1.04427442
-0.169573414 0.435702341 -1.6555945 1.72034439
1.08778984 -0.159626638 0.514962125 1.21406482
-0.420693678 -0.436074296 -0.675967745 0.90778651
0.416934549 0.985175669 1.18093179 1.59342568
-1.11895051 -0.208634563 -0.975789391 1.49924767
-0.212617597 7.16249933E-02 1.05360954 1.07723231
1.54955249 0.427193914 -0.619539775 1.72262506
0.105550047 -1.62092243 0.343395178 1.66025618
-0.397815691 1.56423262 0.43556327 1.67176445
-0.535947172 1.40985275 -1.01975064 1.82066348
1.6761781 8.821015971E-03 -0.186653299 1.68656167
0.784477492 0.648234187 -1.2545745 1.61541626
-0.331138433 0.739499142 -0.324923485 0.872975895
0.865403378 0.476130012 0.525977126 1.11905082
0.960564334 2.075619395E-02 0.603539842 1.134625
1.1750265 0.120812116 -1.10987737 1.6208364
-0.872968176 -0.174905931 0.287635261 0.93562789
-0.528107348 -0.659560861 0.420582641 0.94382607
0.66870381 -0.474568167 0.869694421 1.19530252
-1.54760806 7.807905558E-02 -0.149298563 1.5567521
0.571980093 -0.217306064 -0.890983445 1.08084904
-0.216437924 0.985942666 -1.11493596 1.50399818
-0.579780523 0.727130261 -0.385441129 1.00669198
-0.482143958 -0.488019017 -0.558129255 0.88438318
5.147968521E-02 0.690548019 1.39964304 1.56157208
-0.69549722 0.463793563 -5.631546797E-03 0.835974
0.951342413 -0.295100748 0.39064905 1.06992688
1.22268384 0.788660613 -0.560912688 1.55934742
0.693963226 -0.322272892 1.41953512 1.61261426
6.385461306E-02 1.52895918 9.770454268E-02 1.5334
-0.487793095 1.29395337 -0.645073118 1.52590195
1.46911307 0.18936399 -0.180955606 1.49227909
0.502691821 0.618899206 -1.11501585 1.37076462
0.19352549 0.949697016 -0.412915602 1.05350645
0.566050066 0.388482183 -8.041394417E-02 0.691228
1.01968138 0.415457356 0.276837936 1.13533879
0.874273683 -0.39210847 -1.20517117 1.53965615
-1.04572666 -2.371790934E-02 0.320022472 1.09385
-0.509470748 -0.640869293 0.354458735 0.89214062
0.759860111 -0.234416915 0.8010491 1.12872421
-1.58174328 7.957677035E-02 -0.157330961 1.5915392
0.405547226 -0.793950804 -0.357056374 0.960372681
-0.152076866 0.398955376 -1.70802661 1.76058163
-0.701831268 0.525296796 -0.323805421 0.934534003
-0.183384125 -0.656463006 -1.10027763 1.2942891
3.906811153E-03 1.13232257 1.22890905 1.67104372
-0.981999942 0.447234048 -0.113751016 1.08502602
-3.321027678E-02 0.144976371 0.898788639 0.911011
0.849939391 0.832698264 -1.00709977 1.55885641
0.430685161 -1.48921111 0.4947875 1.62728427
-0.234277111 1.58459817 0.723318912 1.75756291
-0.523607974 1.45165097 -0.221932965 1.55907347
1.61262508 0.155373524 -0.191267374 1.63134416
0.386170381 -0.860549089 -1.12118627 1.46517267
-1.33108475 -0.898111791 -0.592311196 1.71149758
-0.997397234 0.297283007 1.19951617 1.5880861
0.783426215 -2.28919125E-02 0.496511319 0.927795
0.397371177 -0.650742593 -1.38605422 1.58193428
-0.81404609 0.274329895 0.653635048 1.07942888
-0.753983037 -0.419266506 0.321062481 0.92051938
0.414524903 -0.22957252 1.05279766 1.15452039
-1.57534345 0.114958312 5.612179479E-02 1.58052904
0.471443378 -0.571307276 -0.522440438 0.906418707
0.103365406 0.756273035 -1.33706645 1.53960384
-0.791820582 0.520142928 -0.347414858 1.00907164
-5.745222138E-02 -0.607661764 -0.730143464 0.9516
0.180274727 0.789275163 1.25818338 1.49615497
-0.91643287 0.643815067 -0.204244027 1.13844748
0.193238553 0.123760272 0.928493376 0.956429659
1.51538649 -4.471779801E-02 -0.685954648 1.664010
0.31236203 -1.21335162 1.16960273 1.7139903
-0.604150361 1.34134118 0.187544342 1.4830262
-0.820920847 1.03926197 -0.215357056 1.34177313
1.4518998 9.01674131E-02 0.114231625 1.45917513
9.398151032E-02 -1.26381035 -0.801592191 1.499532
-1.05074989 -0.935040885 -0.64245624 1.54632687
-0.750902589 0.485615417 0.345515689 0.958675192
0.816300541 -7.454200078E-02 0.572316868 0.99972
0.838677946 -0.670425431 -1.06651987 1.51337886
-2.309896139E-02 1.3933493 0.149937483 1.4015837
-0.518030479 -0.662459179 0.193967988 0.86303610
0.149836524 -0.258421577 0.939083836 0.985449718
-1.59928307 3.988714567E-02 -0.19932176 1.61214964
0.613736542 -0.472802938 -0.843749911 1.14548203
4.203055984E-02 0.759889977 -1.51409545 1.6946044
-0.636390257 0.769789663 -0.222548249 1.02327729
-0.296285507 -0.556101825 -0.653776318 0.90799659
1.5430233 0.231447687 0.398290437 1.61031805
-0.917982072 0.180560931 2.986817776E-02 0.936047
0.229694184 9.426918003E-02 0.887080482 0.9211720
0.98537319 0.968018095 -0.834062039 1.61359191
0.335242582 -1.58821933 0.400233399 1.67182983
-0.280816756 1.68718705 0.174933049 1.71931956
-0.466695728 1.2270293 -0.924939831 1.60590146
1.43678065 0.366394829 -0.18022892 1.49367542
0.383566512 -1.36011777 -0.365377175 1.45963834
-0.12802438 0.95756011 -0.489639861 1.08307839
-0.982375012 0.43391091 0.694599031 1.27898677
1.00905931 0.230361871 0.513639577 1.1554622
0.471883861 -0.869737663 -1.39862593 1.71326369
-0.186547026 1.50219417 -0.11144068 1.51782942
-0.600347258 -0.261329423 0.62042129 0.902015784
-0.777390007 -0.370604701 -0.39027453 0.94551429
-1.65446984 0.193603546 -0.193875091 1.67700338
0.54968111 -0.496379028 -0.713015573 1.02807231
-0.347134518 0.679192944 -1.43921924 1.62885158
-0.486430787 0.737631488 -0.14483162 0.895372169
-0.108156847 -0.445882184 -0.815939397 0.93609076
-0.335174054 1.02841921 1.08352756 1.53101916
0.686417485 0.785635866 -4.527957847E-02 1.044242
-0.10045243 0.325825338 0.970202736 1.02837065
1.55173145 0.308996844 -0.662067802 1.71513361
0.835914302 -1.24949246 0.52257786 1.59156267
-0.692300788 1.39961922 0.105397417 1.56503129
-0.21181487 1.29789426 -0.867575193 1.5754624
1.66792271 1.781756543E-02 -0.102230485 1.6711477
0.469782406 -1.16559918 -0.796749812 1.48799436
-0.643950107 0.62778252 -0.332211606 0.95872164
-0.909164904 -1.638141564E-02 1.28876506 1.577264
0.548930146 0.198573086 0.722095308 0.92853498
0.792108068 -0.568691863 -1.24364892 1.58035068
-0.257853934 1.55916963 -0.430006481 1.63780468
-0.484245596 -0.428219081 0.477345371 0.80356952
0.5192834 -0.348501773 0.613484969 0.876055102
