-5.44535133 -4.582865505E-03 -5.0552629 7.43017867
1.72680039 -6.37880563 -2.98497791 7.25128223
1.14341984 -0.190610926 -7.34602039 7.43691852
0.685269921 6.13203046 -3.90811904 7.30375156
1.54431397 7.00420464 -1.69668876 7.3703827
-2.9587891 5.80092617 -2.46388335 6.96246354
3.88876846 6.2433215 0.122580338 7.35639922
-7.33154089 -1.32419637 8.682030581E-02 7.45067283
4.81984634 -4.61682763 -3.24057568 7.41938993
-6.49230086 -0.466658044 -2.94410792 7.14391431
-0.377753446 4.13794772 5.72596018 7.07473879
1.14590266 -5.8984393 -3.93264426 7.18125128
-1.95782812 -3.62621702 6.00950937 7.28675124
-4.12011549 1.78025406 5.00117635 6.71985276
3.19136352 -4.73989628 -4.66093699 7.37399155
-6.72924029 -0.714047763 -2.73953286 7.30051912
2.24338837 2.70608427 -6.41968594 7.31901981
-2.83240987 4.47261313 -4.75024799 7.11278214
-5.48985304 -2.49406595 4.5905494 7.57839001
-4.71167191 -4.44820554 3.94203768 7.58459266
-3.26754127 -0.795205801 6.58047791 7.38998429
5.73470467 1.92189188 4.41358306 7.4873374
-4.24503426 -5.03538107 3.41117469 7.41697318
-3.16995589 4.54356775 -4.50802851 7.142475
0.767745254 -3.510533 -6.6501641 7.55896536
1.49441115 -3.17439956 6.16279665 7.09155411
2.31744945 -1.38985866 6.61462242 7.14531376
-5.87060973 0.678503514 -3.81959776 7.03660093
-2.04064267 -6.86088912 -2.79344803 7.68370835
4.39746024 4.87542633 3.4237927 7.40471437
-6.96507631 -2.02894648 -9.223228306E-02 7.25516496
-6.10953683 3.90332577 -0.222323365 7.25340058
1.49959385 -6.0465418 3.56144822 7.1758876
-6.6598397 2.36626816 -2.31902413 7.43845163
-1.56938875 3.03258206 -6.31092841 7.17546879
-6.41937176 -3.34616671 1.52614216 7.39826165
3.20332411 -6.71650281 -0.179517136 7.44344824
6.56584603 -2.74212446 -1.62869879 7.2994685
-2.10565126 1.9844011 6.68915403 7.28809966
-2.59040684 -6.35884007 0.196947721 6.86904965
-3.4594409 -5.16923824 -4.88014179 7.90598124
0.81180019 0.459227493 -6.95130188 7.01359446
1.36540307 2.91363668 -6.49281195 7.24639298
1.82745205 -6.1850745 3.77134431 7.47112879
1.9988442 -7.20724901 -1.07281678 7.55584226
3.06492517 -0.100650928 -6.82540522 7.48265015
-4.50890434 -3.42931804 4.75041143 7.39302707
-3.98653133 5.61786141 1.35790803 7.02116181
-7.3135892 1.0606056 -0.949088512 7.45078789
5.13355755 -0.443685145 -5.13404005 7.27383234
-0.976291622 6.89778408 -2.11010623 7.27908777
4.57754441 3.32082906 4.70645647 7.35748265
-6.66076739 -3.11331903 1.76396292 7.56109402
2.9262531 -2.34390884 6.36246599 7.38497389
-0.54975715 3.01184419 -6.78603979 7.44471452
4.23869179 -5.13511365 -2.88026931 7.25478129
-3.68199019 -6.10195811 8.063119282E-03 7.12678115
-1.78013338 -6.75561954 1.3402506 7.11361665
0.263600304 -7.27684822 -0.379893501 7.29152414
5.3724033 -0.893107559 4.77868063 7.24542247
6.66472666 -2.46683566 -1.91694274 7.36060657
-4.14413543 4.68605025 -3.88358234 7.36309291
2.24595278 4.06122724 -5.91127682 7.5153885
-3.42303157 4.86737341 4.82173678 7.65882593
5.57292014 -0.226990944 4.65530623 7.26504232
-2.77889481 -2.18414429 6.56814244 7.45876919
-3.76110394 1.92959129 5.59133387 7.00943934
-7.22527796 -2.1175482 -8.786385669E-02 7.52969933
6.37599093 -3.21551568 0.46990975 7.15636895
-2.7141425 1.89303537 6.68850662 7.46232358
4.98405878 -3.04717858 4.67236035 7.48044721
-4.26127056 -5.50814932 -1.01953785 7.03829476
4.17457057 -3.79382976 4.69006174 7.33599774
6.34190365 -0.708597674 3.74313454 7.39816929
0.288145798 1.14676946 7.4595751 7.55270607
-4.86124715 -1.15410253 -4.88490233 6.9875566
4.20637457 -1.90441579 -5.71530815 7.34745764
0.445522933 0.626663051 -7.44187145 7.48148701
-2.12873831 -6.94093808 -1.54758992 7.4231518
-4.63257996 -3.938680804E-02 -5.9127181 7.51149677
4.44617491 3.99289781 -4.72740689 7.61971654
5.12952508 4.040995941E-02 5.21266635 7.31338164
6.31489635 2.29831783 -1.92928969 6.99159063
-3.91248405 -5.91175658 -2.22118228 7.42900047
3.32565898 6.5785628 -1.44710726 7.51209795
-0.440355017 6.69100477 1.84682022 6.95515653
0.596402702 1.62995776 7.18266192 7.38939042
0.183029516 6.83287315 -1.42008909 6.98128271
-0.239986469 3.29316757 6.50377186 7.29394232
-5.00070276 -0.47208187 -5.2552637 7.26964139
-6.40079312 3.15565455 1.83599004 7.36879689
4.86210454 4.6851578 3.25498971 7.49571358
2.72226407 6.61573932 0.145674963 7.15541401
-6.02129357 -0.482900145 -3.95015241 7.21753925
-3.55572475 -3.78434381 -4.88496878 7.12933072
-5.60114738 4.0857611 2.49270596 7.36748795
-2.029667 5.60074485 -4.50961564 7.47158111
-3.95315493 -2.95958205 -5.1422828 7.12949032
2.24717727 -6.25970787 -3.64567174 7.58450201
-3.410156426E-02 -0.451516296 -7.44134527 7.45510894
0.343111295 6.69759173 -2.82826474 7.2783612
3.150538 6.34936114 -0.104682274 7.08881054
-1.69450357 6.28211599 -3.05443665 7.18790004
4.13355242 6.20280014 -7.394302481E-02 7.4542909
-7.22155554 0.221025126 0.862221483 7.27620384
4.80644277 -0.506965395 -5.49785917 7.32020228
-6.22230971 -2.66264944 -2.75252894 7.30638458
-0.112641808 4.26650371 6.22771924 7.5498496
0.529137828 -5.96895124 -3.83413846 7.11399912
-5.51365499 -5.27025246 -0.465142862 7.64148612
-4.14122996 5.61074528 0.821015332 7.0217031
3.02612066 6.39196423 -2.36968221 7.45855259
-6.66380367 -0.571020339 -3.00199232 7.33105051
-0.152988614 2.4839109 -6.89593713 7.33124599
-3.61258575 4.43278669 -4.32065365 7.16717668
-3.34696205 -3.64024602 5.94755142 7.73478597
-4.90791982 -3.14168534 3.84734414 6.98283042
-3.80547849 0.911373059 6.11704641 7.26157863
6.58524199 0.451626294 3.15461997 7.31580519
-3.07510196 -4.94845034 4.37114463 7.28356494
-0.815590284 3.84704927 -6.57311614 7.65968872
2.16641822 -4.08947116 -6.19995698 7.73670529
2.66229178 -3.25409592 5.91904537 7.26030549
3.10471215 -1.90729573 6.26447292 7.24711222
-4.86003912 0.48184786 -5.5102049 7.3630507
-2.02925767 -6.44981216 -3.05181378 7.418324
5.59052143 3.99644696 3.34711828 7.64386806
-7.05388343 -1.1302585 -0.350800077 7.15246925
-8.342959E-02 -5.47578244 -5.30303679 7.62321146
-5.3228816 -0.876450323 4.38533108 6.95214804
-6.34796408 3.36997917 -0.714105175 7.22242021
-1.34360834 3.06622365 -6.32410459 7.15550905
-5.66483342 -4.0489658 2.99661809 7.58051328
1.53014474 -7.30175688 -1.00085648 7.52719802
6.65855208 -1.89106187 -1.07899441 7.00547356
-1.45938404 3.22508464 6.57126247 7.46407818
-3.59139439 -6.51260936 0.33688859 7.44484307
-2.1979594 -5.38488596 -3.7899188 6.94201029
7.48857386E-03 2.44835847 -7.42240152 7.81578912
0.849034483 -0.15095074 -7.50455663 7.55394042
0.633288432 -6.35474331 3.8777413 7.47132481
2.70742929 -6.92624615 -0.928628416 7.49435854
1.62637728 8.365227444E-02 -7.20747371 7.38916626
-2.86823751 5.63207205 3.68059747 7.31394693
-3.98602061 5.97199834 1.60927883 7.35818611
-4.72386275 3.58188877 -4.51411605 7.45131197
4.71869264 -2.35890932 -5.0403988 7.29630958
-2.93476837 5.65962641 -3.50225898 7.27392978
4.26596178 2.21649827 5.22605057 7.10090832
-6.48534285 -1.97144424 2.22556146 7.13438071
3.83029364 -3.93396546 4.88686129 7.35041815
-0.206471421 4.68473063 -5.34742483 7.11226292
5.05813397 -4.35476102 1.76336822 6.90348682
-4.70313184 -5.79419171 -1.50674656 7.61330361
0.192074499 -7.23694642 -0.220824979 7.24286199
0.738111915 -7.0253152 2.45978024 7.47999878
5.96780257 -2.49339423 2.76427625 7.03369786
5.33294008 -3.97377333 -3.23481362 7.39561651
-4.28605841 4.72434586 -3.66345113 7.35599175
2.78462268 4.1380728 -5.4556769 7.39203493
-2.28771913 2.93707742 6.38361191 7.3898974
6.44823047 0.501187082 3.78875749 7.49570197
-0.448072993 -1.84703082 7.34249347 7.58449093
-4.59151221 1.59291134 5.36177308 7.23657111
-7.33233439 -0.696199782 -0.919550941 7.42249256
6.4147732 -3.10717964 -0.455784618 7.14224195
5.51498642 4.55681484 2.14093117 7.46747769
4.78236604 -3.56305782 3.95723971 7.15724473
-2.9948685 -6.69786071 -1.94356825 7.58999559
5.21671669 -3.44184834 4.02649513 7.43458917
6.89407253 -3.544750425E-03 1.60205764 7.07777064
-0.656433384 1.00289392 6.84865192 6.95275012
-4.11113696 -3.34631036 -5.21373886 7.43520766
-2.93328751 -4.67427466 -4.7170178 7.25970221
1.34291445 1.66580415 -7.21256424 7.52325765
0.818682703 -7.07681431 0.549206669 7.14515011
-4.45816515 0.584942698 -5.99370586 7.49279016
4.86703496 2.580876 -4.48147555 7.10158949
3.42203926 -4.020718585E-03 6.58363263 7.41987786
6.42018909 2.38300578 -2.91677997 7.44346357
-3.61114496 -6.28272694 -1.62354596 7.42623237
2.58765535 6.56462023 -2.62265749 7.52785037
1.70730384 7.1528897 7.511929464E-02 7.35420698
-0.194162883 3.27377753 6.83963387 7.58524292
-1.407321743E-02 7.38396934 -0.26233926 7.38864149
-0.209206299 4.16149907 5.78471656 7.12915055
-5.04601019 -0.69434019 -5.63441922 7.59545964
-7.14501494 1.14793919 0.550928045 7.25758393
4.16076096 5.01155197 2.95421484 7.15227029
3.90443858 6.03682938 1.01388596 7.26057259
-6.07838916 -1.289824 -3.57063361 7.16658113
-4.86306032 -2.07995777 -4.53475003 6.96703221
-5.74389348 3.70267771 2.38262234 7.2373354
-2.05141306 6.47330061 -2.63019468 7.28215905
-5.69655423 -2.41567962 -4.41190981 7.59942013
3.52214319 -5.3537736 -4.09243147 7.60370829
-0.755854723 1.3250712 -7.39254489 7.54830113
0.62832048 6.6429307 -3.10914336 7.36139168
0.903090248 6.94783219 -1.29841946 7.12557628
-2.00324023 6.28241405 -3.53034446 7.47964101
3.42099577 6.3494952 -0.405933595 7.22385517
-7.14598306 -1.07115459 1.61293571 7.40364826
5.45912319 -4.19296702 -2.91312681 7.47457733
-3.90866213 -0.93095622 -6.02314662 7.24034629
1.87612125 4.36175731 5.34483306 7.14926557
0.621765153 -6.13801247 -3.16936955 6.93589881
-4.49400586 -5.79321168 -0.942330717 7.39225117
-4.8818082 4.10345203 3.83235038 7.44024726
2.92241079 6.46795667 -1.02597102 7.17130148
-6.52823978 0.273042161 -2.77385131 7.09836022
2.55422947 2.64464913 -6.49389312 7.46249992
-2.12592996 4.61566865 -5.02474768 7.14647217
-4.20272739 -4.50028463 4.40984812 7.57378635
-4.02548193 -4.63126926 3.83719887 7.2372132
0.14510622 -5.66140019 4.50077923 7.23391468
5.65945442 2.01061948 3.88285175 7.15182164
-1.63353066 -5.086845 4.84738385 7.21398258
-1.74950749 4.06517204 -5.61685219 7.15090405
2.41388452 -4.254087 -5.4869447 7.35055487
2.35523179 -2.72430359 6.36961761 7.3171699
1.6195261 -0.766560861 7.14942996 7.37053791
-5.11128703 0.518630738 -5.46647532 7.50177215
-0.253292506 -6.64523133 -3.25917698 7.40577417
5.44283889 3.60750548 3.08691108 7.22271493
-7.0015058 -2.4117248 -0.639875519 7.43282858
-2.67313344 -5.51850488 -3.91718717 7.27625548
1.85609174 -6.05603674 3.43180336 7.20402192
-7.03146083 1.8593399 -0.218935093 7.27643586
-1.23230862 2.54303882 -6.78541015 7.35033481
-6.50938978 -2.73699905 1.25930139 7.17280692
1.99618518 -7.16358234 -0.15463169 7.43811657
6.66578792 -3.24954646 -1.65559121 7.59824079
-0.843193994 4.76381354 5.33551421 7.20226405
-3.12732165 -6.40603281 -0.491816623 7.14557769
-2.87098625 -4.25702429 -5.13211077 7.25970928
-0.106072372 0.697814885 -7.4826784 7.51589469
1.29982941 -0.416799815 -7.11642209 7.2461536
2.54596377 -5.83990945 4.33662188 7.70667005
1.11350873 -6.953635 -0.984107688 7.11065463
1.02741902 -6.038975053E-02 -7.14560848 7.21934604
4.81871802E-02 6.82339416 1.96909213 7.10199645
-5.36799187 4.8945993 1.94966428 7.52154438
-7.36749289 0.197450991 -1.41427083 7.50460527
4.71880245 -2.62621714 -5.00672282 7.36419625
-3.22100486 6.89888028 -2.47804568 8.00688028
4.54705679 1.56295912 5.69859253 7.4560394
-6.70562755 -1.91853207 1.8611466 7.21873069
2.4533136 -4.85461627 5.25607205 7.56388393
-0.146430905 4.77429058 -5.38606168 7.19895499
3.59437504 -4.92160385 -3.46550732 7.01081004
-3.55874852 -6.35126599 -0.579480027 7.30336003
-0.969421141 -7.18138243 0.585783658 7.27015636
0.595302105 -7.38992196 -0.333697594 7.42136681
4.96535249 2.0893016 4.67119415 7.13021468
5.7973278 -4.2430847 -1.05959515 7.26192256
-4.87755783 4.98879751 -2.57398976 7.43667226
2.02772208 3.88004309 -5.5654745 7.08102377
-0.76099375 3.516652 5.94789308 6.95150235
5.8521792 -1.2805785 3.98598433 7.19555097
0.141660047 -2.65562468 6.89142065 7.38675088
-5.7975335 1.88314662 3.70353042 7.13258533
-6.64764152 -1.15462412 0.452302654 6.76231265
6.14226662 -3.43038944 1.36239213 7.1659698
5.38888286 4.67261772 2.26319385 7.48301151
4.19191492 -3.46836734 5.17388237 7.50804778
-1.6087995 -6.71121494 -1.89044268 7.1555863
4.41041521 -3.71135113 4.67149489 7.41948476
7.0596273 -0.224707054 1.98978395 7.33812449
0.640920902 -0.431777695 7.30637907 7.3471346
-4.30414941 -2.0393101 -5.83790883 7.53429939
-2.51297397 -5.41927801 -4.16196026 7.28048937
0.677723691 1.50434021 -7.10169829 7.2908482
-0.498229215 -7.13062797 0.343279988 7.15625103
-4.04427623 0.705019943 -5.83357155 7.13328679
5.39735764 3.55700723 -3.56064274 7.37983378
4.27335764 -0.41352435 5.73914382 7.16731188
6.02915788 2.74962976 -3.23948907 7.37600827
-1.49088411 -7.10379645 -1.87619753 7.49711788
3.9390982 5.80096856 -1.3395423 7.13877471
1.22175927 6.86803078 0.263886202 6.98084368
1.76496017 2.33153501 6.87222868 7.4685117
1.58901894 6.84979698 -0.841418077 7.08185599
-0.386238237 3.31777219 6.78864133 7.56587361
-3.21105503 -1.38918438 -6.35503721 7.25446108
-7.2283203 1.12281039 0.485515252 7.33110104
4.41429124 5.06754267 3.50796877 7.58101581
2.96570948 7.0534617 0.322746479 7.65838886
-5.52203418 -2.2225113 -3.98522882 7.16341166
-3.51401875 -4.38542502 -4.27278492 7.05953053
-5.45041327 2.69047296 3.99680822 7.27462203
-2.35738412 6.0433072 -3.30907149 7.28208596
-5.46568243 -0.38451057 -4.58952564 7.14739662
4.02104162 -4.23899552 -4.17979389 7.1839081
0.680562215 -1.98857964 -7.15497863 7.45730066
-1.918225587E-02 6.88896111 -2.18568854 7.22740531
2.01956949 7.08456289 -0.567222122 7.38860157
-2.56257373 6.37476091 -2.44448495 7.29245277
3.15590502 6.76669604 -0.70107221 7.49929424
-7.24796435 -1.02080194 1.38583104 7.44953364
4.61333773 -1.91715003 -5.19360295 7.2063764
-4.20912746 -2.30909836 -5.78300081 7.51610189
0.718925689 4.79544059 5.50744578 7.33791957
0.700246702 -6.42517915 -3.5543261 7.37607664
-5.61001396 -4.85660662 0.117173063 7.42109251
-5.50316194 4.97499523 1.17653124 7.5112978
0.589343739 7.06010919 -0.322951084 7.09202124
-6.38020336 -0.790046191 -2.93259442 7.06620676
2.35022951 4.322832 -5.31194709 7.24066552
-2.65170406 6.46288257 -2.08482422 7.2901905
-4.31383118 -3.84335622 4.46608162 7.30249351
-4.59274742 -4.66967005 3.95841617 7.65298672
4.75181044 -4.98008289 2.96269811 7.49389806
5.46955992 2.42161655 4.77304206 7.65259714
-4.1098339 -4.29009861 3.64663681 6.97091391
-3.6008531 3.41098157 -5.21372994 7.19610438
-0.55067128 -2.19971021 -7.39755492 7.73729815
2.14710013 -2.47325674 6.23450519 7.04244935
1.48048232 -0.294602975 6.77649984 6.94259094
-6.41937115 2.63441078 -1.14693045 7.03305734
0.623790324 -5.97422439 -4.39997818 7.44582295
5.43609569 3.88354942 3.12033084 7.37357153
-7.18367475 -1.32797004 1.49456067 7.45670161
-0.445423745 -4.80914692 -5.01452031 6.96216277
-4.56816577 -2.14800613 5.40640903 7.39671058
-6.23765588 2.28127001 -2.5301026 7.10731756
-0.814030149 1.51662805 -6.83287174 7.04634245
-6.25613527 -2.8984934 1.48499666 7.0530637
2.08504995 -6.99628878 -0.953407161 7.36236886
6.78911907 -1.86025324 -0.495185901 7.05676193
-1.02860353 4.71478167 5.41354294 7.25214717
-2.81673101 -6.54262754 -0.406270737 7.13477433
-2.71301589 -5.45005445 -4.11292387 7.34708728
-0.252189039 1.77948817 -7.15186019 7.37423092
-1.07237978 -0.177155801 -7.51930608 7.59745659
2.61386322 -5.30693163 3.5852851 6.91737475
0.722438557 -6.53086081 -2.14255696 6.9111946
2.64535102 0.114342784 -6.51559197 7.0330573
0.621487622 7.0617745 2.52971201 7.52690832
-5.21339426 5.09267132 0.834190665 7.33557462
-6.0315533 1.02690854 -3.21277793 6.91058018
4.11182902 -7.813622307E-02 -6.04476063 7.31111307
-2.86361073 6.42811863 -2.58148377 7.49566768
4.0547143 2.9744812 5.183015 7.22162662
-6.77312873 -1.36592332 1.77073073 7.13277692
2.15066375 -4.05347152 5.67041482 7.2944904
-0.324109276 4.03801981 -5.73072389 7.01796602
5.20372832 -5.12227296 1.57322349 7.46937084
-2.93856433 -6.7574125 5.280088927E-02 7.36889218
-3.39165297 -6.74388274 0.420862248 7.56044901
-4.382046397E-02 -7.18796573 0.78442515 7.23077412
5.40262144 -1.05688263 4.86009494 7.34342169
5.85690169 -1.60681696 -4.20407217 7.38643222
-4.70584962 3.72301171 -3.81678947 7.11152014
1.89099481 4.11120494 -5.77808501 7.33921888
-2.71284756 4.27849911 5.88782252 7.7673387
6.34711151 1.43783464 3.41997909 7.35183311
0.61645554 -1.85930851 7.11324295 7.37802621
-6.20174419 0.130625256 3.89195457 7.32297783
-7.61222645 -0.671294914 0.590039521 7.66451402
6.31189115 -2.9198727 0.347407529 6.96321179
3.81362162 5.05406531 3.66392472 7.31516441
4.53497937 -3.23195915 4.6341605 7.24479409
-3.14429117 -6.23879483 -1.85631186 7.22876349
4.93810498 -3.46262689 4.24770141 7.37683082
6.6328669 1.88862724 2.33742094 7.2818523
1.82512883 0.337124467 7.01846402 7.25972351
-4.45871428 -3.61900708 -4.50873174 7.3010963
-3.29740517 -5.52236973 -3.54712837 7.34517311
0.40166228 0.556551163 -7.03535848 7.06875878
-2.33148767 -6.71740259 -0.686012732 7.14352474
-5.21451202 -0.201664527 -5.56588811 7.62960777
5.70481184 3.63412965 -2.9277077 7.37043071
3.80440709 -7.398009817E-02 6.5015714 7.53322089
4.37780611 4.85518538 -0.830930103 6.59002703
-2.34765771 -6.94950862 -0.468331903 7.35027221
2.480201 6.65012758 -0.721014134 7.13410507
2.67963466 6.77515989 0.340986815 7.2937991
1.24660025 2.17718781 7.08150009 7.51277595
-0.127210843 7.02444267 0.152755485 7.02725491
-0.634553141 4.20431287 5.72424338 7.13062878
-4.28398291 -0.590969775 -5.5485594 7.03478971
-7.00231488 0.523778194 2.29737903 7.38814643
5.11865357 4.56823851 2.85754597 7.43202438
2.6084648 7.1439304 0.29883398 7.61111897
-6.65352556 1.23044524 -2.6272701 7.25850853
-3.75595997 -3.33575759 -5.88930374 7.74069845
-3.77951584 4.31622858 3.90512526 6.94007006
-1.46553302 5.87019835 -4.63441146 7.6213375
-4.80514838 -1.23133262 -5.6005266 7.48141224
1.02358345 -6.55265909 -2.84231792 7.21552739
-0.444314109 1.50101659 -6.97361027 7.1471467
0.435522898 6.59253134 -3.64465653 7.54550666
0.514339024 7.30683403 -0.598703021 7.34934103
-2.69079038 6.45223958 -1.77342548 7.21226639
3.29838386 6.3620544 5.085768344E-03 7.16624714
-7.08713402 -0.297257782 2.17827265 7.42028992
5.63052658 -2.7884405 -4.34866095 7.6412749
-4.67463361 -0.620569644 -5.84901019 7.51320346
3.1481802 4.0989022 5.0948096 7.25734957
1.60034519 -5.93640706 -4.15975406 7.42331377
-4.59865191 -5.85241618 -2.03424858 7.7159926
-5.11519384 4.60427485 1.42998425 7.02918273
5.6753796 3.78483285 -2.33253214 7.20941048
-7.30099904 0.425051965 -0.920265045 7.37103411
-0.268275151 2.26394558 -6.75612989 7.13040758
-2.84852634 6.51698805 -1.88572038 7.35806883
-2.57294633 -3.19822105 6.23277991 7.46298975
-5.67973837 -3.07378112 2.96039198 7.10432819
0.881447836 -5.24173553 5.04867495 7.33088402
5.31106784 2.88667122 4.26564326 7.39837987
-5.86083067 -3.07437161 3.68434743 7.57466256
-3.22401336 4.16979465 -4.87159208 7.17731558
1.1570287 -1.71727687 -7.11483264 7.41003366
1.94078866 -3.14172907 6.32323914 7.32260032
2.71074085 -2.73280335 6.15018486 7.25541894
-6.24685386 1.63301897 -3.84770767 7.51630151
-2.11670852 -6.49294741 -2.80124553 7.38144956
4.05598225 5.19369109 2.44090862 7.0273362
-6.17866392 -2.80794573 1.55265846 6.96212578
-2.50622736 -5.6752732 -4.40580853 7.60927396
-4.44274141 -2.76612478 5.35442192 7.48727131
-5.81100115 4.29460739 -1.24041443 7.33144017
-2.16218098 3.21902977 -5.94714813 7.09970071
-5.22488603 -4.56411652 1.92309606 7.19922858
3.56694033 -6.04695712 -1.25775426 7.13236984
5.63717364 -3.97246288 -1.69903275 7.10245734
-0.890031081 2.70812556 6.65628017 7.2410058
-2.73724116 -6.91308175 -8.622823147E-02 7.43576652
-3.21776586 -3.71220034 -5.2178427 7.16661223
1.08201549 1.50336788 -6.93784419 7.18084636
1.43168902 -0.752141707 -7.23512042 7.41366428
1.65382915 -6.94755924 1.28051553 7.25558063
1.47408261 -7.24758323 -0.90790331 7.45148782
2.01311506 -0.167121808 -7.15534448 7.4350196
0.313692884 7.38768119 2.36914413 7.76460434
-4.85983537 5.20246147 0.455464211 7.13379652
-5.14054469 3.10529861 -4.32129898 7.39876368
3.14978187 1.30141996 -6.39040513 7.24238203
-3.27436704 6.00828442 -1.85137762 7.08862189
4.25009444 3.24715092 4.90890864 7.25979861
-7.26774632 -0.813258877 0.848098305 7.36211907
1.58724791 -4.07262129 5.62525556 7.12384027
-5.310627112E-02 4.1718324 -6.15001458 7.43166773
4.66182943 -5.14308583 -2.62765072 7.42216504
-4.25358428 -5.93965999 -0.903167815 7.36126702
-2.23847007 -6.9265756 0.822480859 7.32561756
1.80423149 -6.82313928 1.50560694 7.21646265
5.06686215 -1.87512912 4.72023213 7.17424509
6.10822021 -3.33895543 -2.25422747 7.31713871
-5.00597414 5.30524384 -2.12302749 7.59688324
2.21568633 3.02621375 -6.37881656 7.39976596
-0.594482522 3.02398324 6.72962434 7.40173816
7.0314069 0.505763412 2.77991302 7.57788862
-1.92999415 -2.32195591 6.43176587 7.10520717
-5.20243405 2.19056415 4.35376449 7.12875561
-6.90653076 -0.299341158 0.220857777 6.9165418
6.3396845 -3.6498592 0.854923956 7.36505036
5.07408016 4.76894798 1.53472852 7.13053616
2.94543175 -5.15643468 4.21169927 7.28030203
-1.70205927 -6.70815221 -1.88577437 7.17303679
4.44171917 -4.00961673 4.81437757 7.68011243
6.79884475 -0.729611611 2.60360031 7.31678602
0.698141949 0.373910155 7.44216864 7.48418901
-3.60139821 -4.38978575 -4.73162287 7.39111243
-0.298527804 -5.86909736 -4.46638309 7.38132783
-8.919483297E-02 0.172168427 -7.19133336 7.19394698
-2.79175053 -6.29710053 -1.45541328 7.04028224
-3.89906359 -2.14863278 -6.02795358 7.49370029
4.30645636 4.89523541 -2.86695589 7.12238248
3.66919188 -0.613744299 6.40781648 7.40943744
5.46101729 3.76531107 -2.66269488 7.14774239
-2.49286189 -6.27258619 -2.36926646 7.15353909
2.62509993 5.91730433 -3.69115855 7.45186497
1.30299463 7.00155411 -1.45403735 7.26868486
-0.228786345 3.02744578 6.81705803 7.46257672
0.416298622 7.20617889 0.640042074 7.24651451
6.86657607 -1.81587325 1.83886136 7.33680269
-4.18049071 -0.959397531 -6.20109495 7.5399287
-5.94700576 0.93546106 4.36733114 7.43744219
5.11832633 4.18145492 3.61096112 7.5313259
2.9485315 6.56916211 1.40980877 7.33725355
-6.41278578 -0.5763043 -2.57983599 6.93624551
-2.45169471 -4.83470653 -4.82106958 7.25450936
-5.84377137 3.66751454 2.56004199 7.35894977
-2.50948602 6.10228108 -3.13178218 7.30365758
-5.82977682 -1.41249393 -4.09573674 7.26336673
3.90354803 -5.70708153 -2.17835981 7.24939434
-2.10879865 0.896672618 -7.05271602 7.41564945
3.497587252E-02 6.19960799 -3.23272688 6.99191573
2.49736615 6.84714944 -0.95026637 7.35005438
-2.21856461 6.88005263 -1.186542876E-02 7.22892066
4.61737329 5.8352448 0.792522594 7.48320186
-7.08345649 -1.40676467 1.72157018 7.42415965
5.12415716 -2.95467609 -3.94035381 7.10728398
-3.96581581 -2.23104679 -5.62559148 7.23550581
0.990014139 4.65474568 5.40529744 7.20166826
1.48305339 -5.63880157 -4.32111759 7.25724381
-4.54626341 -4.95455871 -3.17782558 7.43738788
-5.03206072 4.89436269 2.50621636 7.45369316
3.49342795 5.96146938 -2.34811285 7.29772499
-7.18909919 -0.629480443 -1.12144377 7.30322045
1.68176487 2.58502833 -6.75035732 7.42145731
-1.83019365 6.00169929 -3.87332628 7.37378191
-2.69497997 -4.00874212 5.35762636 7.21367386
-3.61939723 -4.13161214 3.89309853 6.7324937
2.58898022 -5.56230891 3.68062776 7.15465721
5.46142431 1.94841735 4.1367505 7.12293411
-4.41108296 -4.43159277 4.07621026 7.4640577
-3.07912653 5.02461661 -4.31943176 7.30652331
0.221308276 -1.76171494 -6.90541093 7.13002924
2.54675531 -2.22296846 6.05121122 6.93142904
2.38358368 -2.12896399 6.96268285 7.6611299
-5.39476421 0.258925824 4.29418779 6.90004147
-1.57903772 -6.16658344 -3.46440556 7.24722135
5.28286851 2.98929406 3.71914533 7.11875134
-6.54531222 -2.89440281 -0.117166712 7.15768173
-2.31047942 -6.39334651 -3.00083651 7.43089594
-3.84947803 -3.48421153 5.2158157 7.35954784
-6.54045188 3.50163417 -1.94634576 7.66989012
-2.60723473 2.6140925 -6.00323731 7.04769542
-4.69846768 -4.04321362 2.49662187 6.68253663
2.43974817 -6.68489701 -1.55877343 7.2849155
7.01095175 -2.79726469 -0.568518162 7.56976533
-0.992918198 4.89414257 5.46799716 7.40523538
-2.57477202 -7.02997729 0.320754656 7.49352488
-3.42421456 -4.67298247 -4.60498553 7.40053392
0.466556474 1.11745414 -7.2469638 7.34743921
0.260523337 -0.547335044 -7.06153087 7.0875007
1.20337528 -6.5744167 2.26546314 7.05715171
0.587360345 -6.77036423 -2.68934525 7.30858412
1.91384116 -0.879122903 -6.79631454 7.11516243
-0.662850007 6.71034595 2.99855152 7.37966287
-5.20682806 5.2714173 1.38832339 7.53832479
-1.36362111 5.80159477 -4.26075905 7.32611985
3.39250352 -2.13538018 -6.28315771 7.45298595
-1.51754786 6.63392389 -2.98372688 7.4306476
5.11645708 1.74752202 5.25020188 7.53635098
-6.53629515 -1.57876837 2.43802606 7.15259637
1.16397137 -3.87389331 5.85132859 7.11336243
1.04701036 5.37538883 -4.89809702 7.34727094
3.24467989 -5.95126657 -3.36428819 7.56729519
-4.49485342 -5.88063688 -1.51156818 7.55449771
-1.41017706 -7.12467571 1.58440541 7.43370324
0.994184739 -7.2482679 2.01000273 7.58721964
5.48633363 0.468324696 4.83821934 7.32990799
6.43248779 -2.66625417 -1.67632712 7.16211443
-3.51471398 4.61712068 -4.79030798 7.52449787
1.71707508 3.57109169 -5.99992746 7.19028318
-4.06301324 3.0232982 5.31995726 7.34509046
3.79720038 3.990557 -5.34896512 7.67819664
-1.209043412E-02 -2.0604479 7.08553089 7.37904734
-4.94923328 2.36965351 4.6149681 7.1699441
-7.51831146 -0.999481832 0.959120978 7.64485998
6.21692796 -3.54032471 0.228521029 7.15795461
3.96389457 5.89890617 3.03358517 7.72736651
3.23182649 -4.69147529 3.82832667 6.86372552
-2.70886226 -6.40361552 -2.55178007 7.40647069
5.68752763 -3.06147472 3.53770087 7.36450442
6.45247271 -0.685119062 2.9012802 7.10782801
-0.861416069 1.12968053 7.31526184 7.45193072
-4.17751391 -3.3944714 -5.11091581 7.42263558
-1.71131735 -5.6285193 -4.53600747 7.42860689
-1.71287651 0.172081393 -6.80982983 7.0240544
-2.18103025 -7.10431749 -1.04348522 7.50447076
-1.70447838 -1.22946491 -6.97870563 7.28828942
4.46600729 3.67388536 -3.92894914 6.99137297
5.00074454 0.106676967 5.8016142 7.66012749
5.73191213 3.48191658 -3.66165494 7.64109132
-2.07150944 -6.85768738 -2.30142558 7.52433301
4.04086805 6.01536775 0.110117032 7.24744021
0.450838898 7.40943287 1.402069175E-03 7.42313634
0.362455403 3.08431173 6.63497331 7.32579167
0.114478985 7.49167953 -0.799850842 7.53512634
6.66721332 -1.73808993 2.22403632 7.2400986
-4.35793827 0.764750618 -6.04088112 7.48790453
-6.51321133 2.66666918 1.81307284 7.26775615
4.95660006 4.88644558 1.7315729 7.17241795
5.20271567 5.34023743 -0.252744651 7.45991059
-7.11639834 0.277544589 -1.57018592 7.29284856
-3.36353256 -1.66026727 -6.34768386 7.37312207
-4.31985123 5.24745463 2.77714785 7.34230515
-3.05454066 6.45186549 -2.22174944 7.47615928
-4.85370391 -2.15691773 -5.78183803 7.8511392
2.72097722 -5.9170817 -3.28755318 7.29544919
-1.48123282 -1.22359889 -7.07193901 7.32827171
0.350662289 6.60800174 -2.67640262 7.13805169
1.85468833 6.86709888 -1.1771558 7.20989678
-2.77189589 6.43530384 -1.83825341 7.24401256
4.35170708 5.79972113 -0.360370745 7.25975115
-7.44471443 -0.811588927 1.09000825 7.56773199
4.76322696 -3.25385259 -4.30359734 7.197002
-4.04834147 -2.00036317 -5.56471276 7.16634841
2.07839238 4.10785417 6.01397863 7.57377843
1.82597327 -6.24686607 -4.05908774 7.67031338
-5.12217023 -4.89160913 -1.5584711 7.25212382
-4.73327108 5.4326191 2.06737604 7.49608225
5.18160426 4.62250554 -1.58743535 7.12295803
-6.1837605 -1.0352291 -4.16765929 7.52861058
1.03085322 2.89248349 -6.32068615 7.02710413
-2.93216554 6.55755461 -2.00590963 7.45806883
-1.25847081 -3.07350738 6.49336823 7.29342357
-4.83076851 3.71614624 -3.9501413 7.26289773
2.07899191 -5.09515163 4.40034243 7.04597694
5.08429824 1.0147822 5.12588868 7.29072056
-3.33386593 -4.55106304 4.73914149 7.36792365
-3.7422631 4.04646777 -4.53643354 7.13846369
-1.05869831 -0.64460796 -6.52847456 6.64509907
2.27944896 -0.500723146 7.17668383 7.54661527
1.92767508 -0.893619624 7.18393335 7.49155429
-4.40209801 0.643950412 -6.16665484 7.60399704
-1.44999947 -6.58625495 -2.84416023 7.31918712
5.4562068 3.87539048 2.63388882 7.19209387
-6.72302955 -0.853580886 1.42213692 6.9246083
-2.89596276 -4.89885071 -5.10178086 7.64287292
2.48709848 -5.87737467 3.1813812 7.13094511
-6.8345208 2.05783347 -1.18683861 7.23560219
0.530449627 2.18318295 -7.16892957 7.5127369
-6.38419654 -3.3154795 1.62515844 7.37505998
2.17982472 -6.79223372 -2.03630802 7.41839775
6.851799 -2.33641037 -0.829473065 7.28656219
-0.493919849 3.63576167 5.98100008 7.01677146
-3.22908868 -6.52285211 -0.126051369 7.27945756
-3.49149916 -4.8491718 -4.05542511 7.22159998
0.378616089 4.17980201 -6.37748962 7.63455754
1.68883788 -6.266655549E-02 -6.9542085 7.15661347
2.84764403 -6.11284924 3.07030563 7.40964095
0.393075187 -6.69074813 -3.09696028 7.38320943
1.42852245 0.114822112 -6.97118352 7.11696987
-2.41755937 6.66504157 2.40044858 7.48528729
-5.43633474 4.71824348 2.0041204 7.47208509
-1.45592669 5.93634391 -4.18582194 7.40817162
1.984545 0.460693815 -6.4515548 6.76559066
-1.78445991 5.58143938 -4.41055111 7.33414778
5.20920241 1.42389714 4.55237795 7.06310256
-6.54076942 -1.77133728 2.18627091 7.1203287
1.91848956 -4.61367963 5.53314788 7.4553583
-0.103596153 4.65506926 -5.73099299 7.38408306
4.075669 -6.05888485 -0.892905457 7.35652388
-4.79717431 -5.05487152 0.783454951 7.01273193
1.905045306E-02 -6.96764299 1.22167981 7.07396022
2.13777755 -6.90121284 1.0666888 7.30305803
5.39186247 -1.94507537 4.08998017 7.04155074
7.06480303 -2.89200697 -0.146864242 7.63522857
-4.38336809 3.11690605 -5.09380465 7.40782458
2.06393506 4.66327585 -5.07281612 7.19301279
-2.19481372 4.35185671 5.36728986 7.25008031
5.48899558 4.20510778 -2.50348258 7.3538717
0.494336573 -2.36299875 6.96557763 7.37206914
-5.06457881 1.24228068 5.06194819 7.26749884
-6.95548256 -1.21566898 -5.240071688E-02 7.06111425
6.99772023 -2.38345041 1.07504906 7.47025132
1.92904484 6.18804293 3.80814179 7.51764811
4.92455616 -1.60043301 5.51258554 7.56315004
-1.84976429 -7.14315009 -1.28349062 7.48956403
5.60165358 -3.55449992 2.76168233 7.18608947
6.57740602 0.610876091 2.89956297 7.21407686
0.988469457 0.815373952 6.98090193 7.09752762
-4.99026976 -3.37937467 -4.41103581 7.46861448
-2.52891326 -5.98875818 -3.30020491 7.2905404
-1.76878979 2.09569758 -6.72272833 7.26055382
-0.129440069 -7.60358848 -1.19456404 7.69794101
-2.01331829 -2.4875072 -6.45401147 7.20384666
5.49501976 3.13935729 -3.42369913 7.19531251
5.07600006 -0.338749221 5.3490334 7.38191615
4.80390065 3.9389532 -4.17754383 7.4862999
-1.55132529 -6.47763972 -2.85034385 7.24505946
1.82485887 6.1708117 -3.79587961 7.47112635
2.383066 6.48776056 -1.24749746 7.0232678
0.42354741 3.10279124 6.51574661 7.22922263
-1.762651854E-02 7.28681998 -0.338891529 7.29471751
6.93171053 -2.02705886 1.56247783 7.3891079
-4.72322835 -0.873683013 -5.8503485 7.56959613
-6.88060781 -0.102043683 3.14544288 7.56617392
3.94851776 4.29874247 4.16542475 7.17082581
4.38655176 5.65694095 0.284148166 7.16404616
-6.07774658 -0.2409279 -3.8250244 7.18525305
-4.0893738 -3.29804659 -5.25464708 7.43043776
-4.39535549 4.29304124 3.98826859 7.32500097
-2.20370784 6.2147577 -3.08760674 7.28099285
-5.11924217 -1.23653663 -5.42821073 7.56314319
1.30258844 -6.84895291 -2.76433274 7.49976187
-0.734350465 -2.48189096 -7.03569367 7.49666851
0.857655657 7.24525183 -1.2552585 7.40303459
2.95171682 6.73619634 -1.06585481 7.43135383
-3.45175249 6.7473316 -0.747118114 7.61572481
3.61697641 6.11813137 -0.398383762 7.11848014
-6.92765103 -1.567517 1.64062517 7.28979488
4.67488084 -3.64246407 -4.42052866 7.39345177
-4.21693168 -1.35165772 -5.74474855 7.2533873
1.0837395 3.96589289 6.29276777 7.51676287
0.21632762 -6.43623458 -3.61905802 7.38711677
-4.41241284 -4.86309721 -3.72823081 7.55107982
-4.03872195 6.2892863 -0.799924195 7.51706564
4.71036756 5.00412731 -1.49507713 7.03307247
-5.78934835 -0.887767286 -4.09207057 7.14490914
1.12041696 2.00253346 -7.00331672 7.3696621
-3.27047745 6.37536575 -1.83556922 7.39666314
-3.5310742 -4.88706101 4.56913505 7.56497492
-2.79553073 6.53400588 -2.09832808 7.41020956
1.07778846 -5.46647312 4.90827699 7.42530399
5.27134169 1.84901629 4.36631263 7.09017563
-2.68741065 -5.07925577 4.6934273 7.41951986
-3.04385639 4.52203881 -5.07858356 7.45022871
1.72895358 -2.30010841 -6.89078179 7.46743951
2.40043648 -2.68289528 5.75264475 6.78623195
1.89968207 -0.475219241 7.30429704 7.56223383
-5.66858473 0.521973204 -4.0776122 7.00230177
-1.97492364 -6.52056865 -3.43700584 7.63093363
5.32840815 3.85447603 3.0130789 7.23377933
-6.59689732 -2.70867048 -0.318262129 7.13843406
-4.39936094 -4.47367005 -3.43422882 7.15276366
-4.38684138 -2.58626831 5.3826105 7.40983514
-6.88373517 3.28859747 -0.730398396 7.66382183
1.09731934 2.14580665 -6.90160666 7.31031945
-5.98192703 -2.97516416 2.94631168 7.30176728
0.528182227 -7.39064572 -0.889673113 7.46271658
6.65115824 -3.23051286 -0.780875941 7.43531348
-1.05411813 4.79795987 5.01837985 7.02251524
-2.22047099 -7.17730314 -8.869547256E-02 7.51345717
-3.63270571 -4.40637018 -3.97460715 6.95774036
2.35087747 -1.26893295 -7.18955482 7.66984447
-5.9125306 -0.184489119 -4.1377105 7.21891283
1.49660074 -5.94665506 4.20289987 7.43417027
9.409657821E-02 -6.78292336 -2.32141734 7.16978954
2.22832461 0.308452287 -6.89336392 7.25114057
-0.913351445 6.98525692 1.90863501 7.29869254
-4.62318739 5.61709124 0.96158376 7.33827085
0.769604052 5.61918066 -5.18945513 7.68751757
2.98674656 -0.483947788 -6.70671917 7.35764517
-2.21452111 6.46407331 -2.11379561 7.15237579
5.92164533 1.48402047 4.36544077 7.50501654
-7.0231851 -2.03660124 2.10946865 7.6106985
3.67744715 -4.6682835 4.2391195 7.29976866
1.39706287 2.49151821 -6.47765694 7.07951179
3.77999126 -5.76990237 -2.46631132 7.32548966
-3.04531172 -6.30933816 0.50926376 7.02431641
-2.37163549 -7.21749152 0.585161901 7.61966227
1.39974742 -7.23574737 0.614639373 7.39547932
5.21255758 -0.593440131 5.22409313 7.40365293
6.53018305 -1.36508792 -3.33540994 7.45866712
-3.36182065 5.35370367 -3.43817851 7.19618319
2.51455274 3.80406457 -5.70526805 7.30369539
-3.21708828 3.86034694 5.93487417 7.77654594
5.91163906 3.47180117 -2.79031029 7.4018046
-2.83510957 -2.23769031 6.27679704 7.24177362
-4.88561332 2.27561947 4.84433259 7.24673856
-7.32216774 -0.235963307 -0.26335325 7.33070079
6.23742873 -3.54074675 -1.50248361 7.32801895
4.33547142 5.22764326 3.21162622 7.51259672
4.31738032 -1.32771908 5.68888114 7.26401951
-2.93100246 -6.58081066 -2.43044233 7.602953
5.6600967 -3.6141785 2.81729182 7.28258979
6.83256899 8.938942229E-02 2.73353406 7.359633
0.914359632 1.20289351 7.17451525 7.33189439
-4.08178439 -4.28364088 -4.29416739 7.31097918
-1.79385217 -5.81787376 -3.89812976 7.22917536
-1.09939832 1.8641107 -7.08452423 7.40770335
-3.63546624 -6.37240843 -0.876859657 7.38871348
-1.336599 -2.35970111 -6.97689606 7.48543685
5.63871426 3.32765966 -3.49877238 7.42359923
3.84305277 -0.152370888 6.07816458 7.19279891
6.10474099 1.93975501 -3.62091852 7.35809507
-0.907994192 -7.07627831 -0.261721106 7.1390942
2.39230881 6.31360202 -3.27366228 7.50343766
1.15737989 7.13476614 0.212070353 7.23114029
0.495741635 2.82327993 7.08373542 7.64172604
-1.35775387 6.92260179 -0.492665463 7.07167804
7.0931468 -1.5076235 2.21882248 7.58345788
-4.20375751 -0.201170175 -6.18967807 7.48492894
-6.8969488 1.57034835 1.05846536 7.15221962
4.9135444 5.99122093 2.968726954E-02 7.74845328
4.09240069 5.98245327 -0.367511183 7.25758603
-5.65832848 -0.738888745 -4.30547214 7.14840738
-4.34909301 -4.74501704 -3.74217137 7.44537731
-5.5208474 3.58165466 3.04133106 7.24966901
-2.28901718 6.05108265 -2.99687162 7.12996777
-3.22289273 -2.07779744 -6.28440092 7.36192738
1.85427047 -6.46678199 -3.17793026 7.440217
-0.742029536 1.25021041 -7.00078565 7.1501492
0.966695181 6.45164855 -2.57756456 7.0144214
3.41068913 6.61896659 -1.37394125 7.57173915
-0.15120494 6.88721909 -2.25127595 7.24740596
3.26139552 6.51540629 -0.987133045 7.35266289
-6.99487022 -1.43718668 1.62075324 7.32260582
5.72793911 -1.89928739 -4.3688368 7.45005463
-4.54924101 -1.48229849 -5.44850665 7.25113972
0.428029805 3.98145588 6.00142371 7.21472709
3.075549527E-02 -6.78794629 -2.53709059 7.24665366
-4.95645525 -5.24141366 -1.43125647 7.35441098
-4.52536454 5.04170993 2.06872021 7.08359842
5.04477449 3.70060645 -3.5241738 7.18081045
-6.94170434 -9.356130489E-02 -2.86903322 7.51181499
1.62855685 4.02335855 -5.77803078 7.22670403
-2.74723362 6.56121736 -1.12309015 7.20126359
-2.16050822 -3.67086214 5.98914015 7.34934177
-4.19287138 5.3225392 -3.17776987 7.48383694
-2.31916631 -1.06718303 6.67045025 7.14229085
6.0273736 0.761532687 3.56946156 7.04629125
-3.02816098 -4.63895426 4.6706634 7.24601629
-2.25959804 3.91221812 -5.93176831 7.45634691
-1.85085835E-03 -2.59480006 -6.61094721 7.10194437
2.15060432 -2.46931658 6.4631259 7.24531709
4.35037024 -0.402212823 6.06136944 7.47179335
-4.81862848 2.0888803 5.21392294 7.40051307
-0.97381412 -6.61561375 -3.56766848 7.5791106
5.31149782 3.28063696 3.60539193 7.20926063
-7.01107781 -2.65460073 0.63464274 7.52362204
-2.36267504 -5.60240958 -4.17185732 7.37384702
-4.57606209 -3.4279768 4.30656736 7.1580648
-7.06426153 1.80443481 0.209023131 7.29407065
3.85869592 -3.89280817 -4.39303452 7.02440332
-6.3307122 -2.09704706 2.46490895 7.10994371
0.735117768 -7.57136581 -0.427922982 7.61899577
6.45241707 -3.69371911 -1.46284542 7.57741141
-0.818517736 5.05756267 5.4909573 7.50996161
-3.01145159 -6.6060418 -0.229760513 7.26370558
-3.21335975 -5.20905515 -3.90546137 7.26034193
2.24686068 -0.3016893 -6.71562636 7.08795012
-1.19047668 -0.504473235 -7.01162463 7.12983926
2.47587399 -7.16019724 2.20047092 7.88926161
1.14270934 -6.85213572 -0.97839326 7.01532622
2.90830618 0.426460509 -6.96246658 7.55751641
-1.51905144 6.74243962 2.57419784 7.37526297
-6.06302058 4.17571515 1.27130705 7.47081234
-1.51285279 5.72509344 -4.63902871 7.52236704
4.24043643 -2.44630435 -5.49911545 7.36247084
-1.02636166 6.1215089 -3.53120552 7.14112749
5.97228454 1.50277153 3.64804388 7.15784389
-6.76608888 -1.56312903 2.22307156 7.29145927
2.68198316 -2.90524992 6.16901758 7.32736574
1.09266446 4.21684642 -5.84186829 7.28718975
3.72676033 -5.42287681 -3.82203727 7.60948779
-3.43652279 -6.42067135 -0.235012531 7.2862844
-2.84036788 -6.79757241 0.396538156 7.37779932
0.920205252 -6.95748971 1.23260704 7.12550075
4.8883981 -0.909024062 5.38183886 7.32713793
6.40969232 -3.59245987 -1.02335817 7.41870511
-3.33994847 2.33378799 -6.05023118 7.29432105
2.65580485 3.91590371 -6.07422528 7.69959831
-3.29549806 3.70216866 5.37680727 7.31275712
4.30670643 4.16246316 -4.09759859 7.25700586
-1.60299584 -1.83997478 7.04541483 7.45606954
-4.18048124 1.91499782 5.88392743 7.46754592
-6.76282942 7.218677376E-02 0.165448438 6.76523805
7.29900832 -1.5761234 -0.388864093 7.47735934
4.5403609 4.36360781 3.65857284 7.28293247
4.30448167 -4.74007205 3.93008626 7.51281728
-3.12349924 -6.56081352 -1.21586002 7.36741727
6.4885978 -2.7168138 3.21334039 7.73359781
6.8095242 -0.716814034 2.59363241 7.32191036
1.39996344 -0.125119466 7.30253169 7.43656652
-5.48646678 -1.98278441 -4.59296937 7.42483127
-2.23255959 -6.20933098 -3.75967989 7.59442601
-1.04730475 1.38398061 -7.27889623 7.48295262
-9.278172609E-02 -7.52720589 0.173041269 7.52976628
-2.31221936 -3.12004586 -6.46633754 7.54284865
5.1058181 3.54287831 -3.8040333 7.28642811
2.59013997 -0.391667682 6.71532379 7.20817607
5.63786234 3.97488132 -3.10324235 7.56407868
-1.88188515 -6.78742341 -2.96325207 7.64143122
1.01935926 5.31647798 -3.81284638 6.62131626
1.13948085 6.99616852 0.754958915 7.12844678
0.805546641 2.84925101 6.37488141 7.02895794
-1.75853323 6.88061019 -6.235952457E-02 7.10205072
6.14207429 -1.56470462 3.44529427 7.21411323
-4.48385942 -0.390635552 -6.07315938 7.55915711
-6.05421648 2.11214059 3.13239929 7.13628758
4.9486908 5.46623639 1.21864401 7.4735784
4.51335742 6.03043267 -0.664948102 7.56165784
-7.24187198 0.2889528 -1.12222237 7.33400209
-3.19185763 -0.194148958 -6.57864917 7.31466156
-5.75578157 3.62466922 3.07132994 7.46326444
-1.38878971 5.1555688 -4.79775838 7.17823878
-5.4904569 -1.17167078 -4.46116876 7.17077095
1.75045041 -6.00244644 -3.93702056 7.38874623
-1.74921878 0.995556972 -7.24521207 7.51957432
1.97107644 6.83820628 -0.954532249 7.18034395
2.75499019 6.80603161 -1.70224903 7.53722024
-4.29541616 6.07035829 -0.181607413 7.4386041
4.48126911 5.74886351 1.3550659 7.41400082
-7.12868049 -0.310866208 2.00903968 7.41289172
5.84806021 -2.73580586 -3.42327978 7.30775522
-4.63949381 -1.45045583 -5.41482413 7.27660946
0.214604534 3.23523101 6.30893243 7.09333513
1.46596166 -6.60336348 -3.12127252 7.44954998
-5.28214744 -4.27523983 -2.84386242 7.36656709
-4.15963349 5.71537509 2.02682524 7.35364425
5.04283874 4.14136946 -2.98513476 7.17580609
-6.80746177 0.296145887 -2.29705862 7.19066871
-0.7859873 2.18825864 -7.2707197 7.63345379
-2.73089043 6.89083762 -0.533953822 7.43145425
-3.320404699E-02 -5.03396214 5.39100362 7.37596078
-5.02323738 4.14402653 -3.33434392 7.31599063
3.05751771 -5.10563014 3.92859856 7.13090178
6.10417322 -1.732614495E-02 3.81257276 7.19700924
-3.92569792 -4.7088834 3.20803847 6.91926281
-2.11136886 4.15230726 -5.35033359 7.0940541
1.30689863 -2.07444001 -6.32176586 6.78056111
1.70964758 -2.96988728 6.4824573 7.33248784
1.69871882 -0.145287494 7.13211335 7.33306177
-5.45558431 -1.327421634E-02 5.18662595 7.52759358
-1.79883057 -6.78177061 -2.32463594 7.39135551
5.27473216 4.32716402 3.09007202 7.4897058
-7.06454529 -1.80660143 -0.221708693 7.29525624
-2.45714321 -5.89298164 -3.76037066 7.40980248
0.622551084 -6.36115193 3.69912572 7.38480567
-6.92129066 1.60797704 -1.47938355 7.25799079
2.00269531 -7.03672024 -1.46876366 7.46213689
-6.20287716 -3.75278351 2.02153395 7.52633168
1.01836652 -7.34241664 -0.267676052 7.41753348
5.91956482 -3.53804302 -1.68828172 7.09995009
-1.94633684 4.35592257 6.04347919 7.69973566
-3.88034218 -6.2256198 1.12087747 7.42103521
-3.3855027 -4.55583542 -4.48486199 7.23403429
-0.350290823 2.18451551 -6.76272675 7.11542583
-6.18883619 -0.429737745 -4.47213435 7.64763712
2.82885034 -4.37963241 5.04612056 7.25581884
1.23702616 -7.09856055 -1.56348517 7.37321379
3.8952891 -1.56185388 -6.36762963 7.6262292
-0.765692843 6.7244585 2.50582083 7.21690832
-5.61600017 4.74339949 -9.777862831E-02 7.3517928
-0.949132059 5.00270546 -5.31757382 7.36237087
3.79639692 -1.82584525 -5.88793313 7.23975808
-0.977877531 7.00632583 -3.00768061 7.68706633
5.13562102 2.43751033 3.74327538 6.80648003
-6.87351361 -2.86941995 0.281622353 7.45372869
1.8611576 -4.83972646 5.09126088 7.26689735
-0.167930276 3.08439595 -6.35632934 7.06715089
4.1509105 -5.22212342 -3.54511108 7.55436586
-2.58155211 -6.53221891 1.604842727E-03 7.02383782
-1.73653725 -7.11457099 0.690751098 7.35593767
1.42449349 -6.96596693 0.754600153 7.15005583
5.5927826 -0.859289328 4.38534684 7.15883107
6.03585753 -3.07631604 -2.75087255 7.31181211
-3.60069076 4.22886368 -4.69566294 7.27306761
1.70189345 4.68207418 -5.66518937 7.54404603
-1.93851668 3.74867551 6.37472408 7.64509791
3.91937749 4.79948873 -4.08692977 7.42291095
-1.96946756 -3.18070801 6.44482412 7.45194363
-5.12706171 1.10163451 5.36215395 7.50020369
-7.54207804 -1.13412396 -0.786558975 7.66732374
6.70416306 -2.92528126 -0.112293306 7.31544138
5.89659547 3.44669585 2.65437738 7.32770562
3.0988399 -4.96719822 3.98080347 7.07973609
-2.88573907 -6.26773856 -2.68195739 7.40303532
5.81618067 -2.91854539 2.76619013 7.07090324
6.82626682 0.280703459 2.44294081 7.25566489
-1.02747619 2.45040575 6.74459208 7.24911843
-5.98792351 -2.23893163 -3.75556981 7.41433392
-2.66698971 -5.88655249 -3.95742294 7.5779635
-1.13344088 1.5854737 -7.26946262 7.52618774
-0.396030856 -7.48678408 -1.40785231 7.62829105
-3.09358361 -1.73783848 -6.60627389 7.4988797
4.92564897 2.91736417 -4.22518102 7.11513782
4.33741288 3.808936269E-02 5.89263912 7.31695272
6.06032161 2.89075118 -3.07142382 7.38360242
-1.14454005 -5.95626164 -3.60073999 7.0535348
3.38813571 6.12888613 -1.62609865 7.18936058
2.42226127 7.19092055 -0.72311565 7.62230833
-1.34935025 3.67373798 6.14691312 7.28708706
-0.755947253 6.99996338 -1.15063125 7.13406587
5.89115857 -2.26206619 3.63872717 7.2844374
-4.83279441 0.112811539 -5.55207325 7.36166731
-6.1373915 2.0383465 3.15511714 7.19563722
3.49594692 4.5922877 3.97707329 7.00912713
4.67390442 4.98355417 -1.02045204 6.90814859
-5.53749969 -0.940156826 -4.60485874 7.26309312
-3.56704025 -3.44776952 -5.52578427 7.42598024
-5.26762587 3.8835478 3.23445626 7.30010501
-2.19434813 5.75701455 -3.37345533 7.02414273
-4.5884885 -2.23004239 -5.26807814 7.33348233
1.9828949 -6.2133975 -3.87773605 7.58782035
0.18320285 -1.80189883 -6.94913074 7.18128266
1.28670715 6.98167217 -2.00114378 7.37590252
1.86344179 7.13912992 -1.23153613 7.48039254
-4.26578068 5.77348529 -1.4358507 7.32063416
3.95447515 6.37416047 1.07068167 7.57721285
-6.71560743 -0.668171774 1.187551 6.85245314
4.17951031 -3.27153933 -4.81069698 7.16338478
-5.39406073 -2.13486421 -4.21662202 7.17171093
0.674007805 3.9414737 6.19535719 7.37373394
2.17273131 -6.43914304 -3.4648971 7.62816075
-5.23348204 -4.7277626 1.18632154 7.15181321
-4.62004636 4.66424049 3.09379829 7.25751717
3.25485057 6.19515735 -2.70031927 7.50104999
-7.240037 0.678616383 -1.68175217 7.46370862
4.32210947 -1.3335636 -5.78293814 7.34175699
-1.92443669 6.85702647 -1.98172498 7.39253018
-3.7435909 -1.55844631 5.64112308 6.94733743
-3.18261152 6.20082011 -2.14343054 7.29201485
-3.06985 0.796657953 6.3458308 7.09423791
5.273672 1.95286933 4.67154033 7.31085522
-2.6094132 -4.5036762 4.85245074 7.11606737
-2.92644036 4.52024879 -4.76139467 7.18801652
0.809298929 -2.36449719 -7.38511867 7.7965242
1.79223615 -2.41795368 6.33692294 7.01535478
2.9008672 -0.302801623 6.40618171 7.03888368
-4.60124375 9.268485897E-02 5.44540434 7.12968884
-1.12565865 -6.69027717 -2.48353101 7.2245998
5.1116519 2.78961121 3.86081161 6.98690075
-7.17829795 -1.03237604 -0.24193621 7.25619011
-1.60896404 -6.30089087 -3.99351187 7.63139097
-4.67912797 -3.42447688 4.78612913 7.51853128
-6.49241703 3.64763797 -1.74477566 7.64859358
2.33735253 -6.58604735 -1.84718009 7.22850682
-5.52756696 -4.22237432 2.39958282 7.35801869
4.43994936 -5.42121993 -2.78656753 7.54106985
6.66526065 -3.42349441 -1.88050977 7.725434
-0.850266638 4.56972688 5.72326897 7.37300243
-3.22320477 -6.58213883 1.16526191 7.42101313
-2.22869736 -5.21994421 -4.58541972 7.29664194
1.61393773 0.14673818 -7.31128638 7.48874059
-5.96152276 0.410869543 -4.05570875 7.22200394
2.89571516 -5.32978127 4.4458469 7.52045805
0.815131601 -6.79723197 -3.0840728 7.50854893
2.6146902 0.481770171 -6.77665442 7.27954343
0.80861463 6.43120836 2.79576386 7.05907885
-6.23527952 3.42818996 0.986164251 7.18357272
0.813376632 6.032011 -4.58952955 7.62302563
3.04694136 -0.489722192 -6.37153589 7.07955854
-2.69895287 5.99646199 -2.60442338 7.07282999
4.49398735 0.785042571 5.69082593 7.2936763
-5.05639385 -5.23785608 0.615205368 7.30621193
3.07988723 -3.42379857 6.07837182 7.62592328
-0.568483349 3.95351919 -5.99881771 7.20689261
4.08989539 -5.54650186 -3.17910922 7.58931239
-1.64411355 -7.2061252 0.318856097 7.39817674
-5.938864773E-02 -7.0359519 -0.134860475 7.03749483
0.828413146 -7.32440326 0.2790977 7.37638441
4.92546693 0.562563216 5.90667068 7.71138512
5.31618781 -4.87298584 -1.58409814 7.3835771
-4.36808867 3.69390027 -4.19486735 7.09380081
2.34439275 3.84453646 -5.50645775 7.11320707
-1.40474634 2.25691068 6.71732038 7.22421976
4.326425 4.05174709 -4.39117243 7.37678813
-1.91881106 -1.56795553 6.8661806 7.29964084
-4.4228674 1.71357247 5.64111991 7.37023205
-7.21598489 -0.558723222 -5.651494339E-02 7.23780377
6.1875159 -3.51165461 0.112266554 7.11545325
5.01499411 4.00297993 3.96361267 7.54216412
4.78999667 -1.77917289 4.72852483 6.96193015
-4.49922038 -5.52042152 -1.97904031 7.39152476
5.71470625 -3.45247075 3.43909942 7.51031468
7.01821465 -0.949554586 2.2260006 7.42375036
-0.169047058 1.8620043 6.88264697 7.13207307
-5.07560414 -3.62983225 -3.35338618 7.08397053
-1.94387113 -5.49929184 -4.14028438 7.15281766
-1.08575892 2.20135469 -6.90262927 7.32605799
-0.804679418 -6.98047941 -0.266523969 7.03175915
-2.58609409 -1.33631277 -6.53888271 7.15755555
4.53801893 4.60813054 -3.82426204 7.51355196
4.58125987 0.580015911 5.77556097 7.39469167
5.33938321 3.83098533 -3.40706505 7.40226681
-1.47501806 -6.92992619 -2.3655198 7.46962109
2.99713541 5.72970098 -3.08038519 7.16247631
1.73851679 7.10861488 -0.140836493 7.31947274
0.941526707 2.44773305 6.92385966 7.40389777
0.610351812 7.34662217 -0.337479626 7.37965305
6.95549386 -1.34149503 1.99841019 7.36017303
-4.42145061 0.12302363 -5.75517453 7.2585394
-6.24021211 1.2748696 3.40244639 7.2209543
3.51705211 5.52832266 3.7395777 7.54429906
4.02388674 6.07743002 0.166383273 7.29071351
-6.76075454 1.55453601 -2.2283284 7.28627693
-5.0067205 -3.09661917 -4.12838389 7.19026105
-6.00312823 3.85237134 2.32294468 7.50162552
-1.43933877 5.70265386 -4.19138997 7.22216775
-5.54914756 -2.13785726 -4.51733227 7.46791558
2.84330357 -6.14420017 -3.61551113 7.67512161
-2.15966689 0.785250047 -6.76545931 7.14508351
2.09627213 6.57021592 -2.45531446 7.3205644
2.83907257 6.72682576 -1.61465666 7.47780943
-3.29036734 6.77862231 -0.487521 7.55075588
3.58263146 6.37368688 1.916515448E-03 7.3115755
-6.97853815 -0.962544125 1.58115597 7.2198712
5.33811979 -1.95579256 -4.30584605 7.13168687
-4.0527959 -1.04268787 -5.68726335 7.06097139
-0.398033245 3.72073613 6.22951611 7.26699241
2.24185364 -4.87825136 -4.98855235 7.32863552
-5.32856732 -4.9275235 -2.26190721 7.6019959
-5.1548875 5.12328267 1.83164409 7.4950524
4.48737223 4.92328883 -2.55841406 7.13587871
-6.78901756 0.361797611 -2.8152777 7.35849479
2.51345758 1.13086553 -6.39514838 6.96378121
-2.31398044 6.66098952 -2.5494064 7.49818377
-3.2685869 -4.69183943 4.42236389 7.22871495
-4.65156738 5.00261067 -1.58210008 7.01186375
-3.72945563 2.84196014 5.85582277 7.50174894
6.27039306 1.63993697 3.43281857 7.33426654
-2.90577615 -5.67836977 4.06191753 7.56218172
-3.02168774 4.15565754 -5.01226611 7.17794525
0.264851698 -3.21368547 -6.36572631 7.13585259
2.74043069 -2.67975669 6.42131411 7.47825723
2.30798946 -3.18460334 6.51373683 7.6090263
-5.79104432 1.21027349 4.48028908 7.42118228
-1.56223121 -6.32770908 -2.86430908 7.11932125
6.12889755 2.20740791 2.92912394 7.1425347
-6.75500536 -3.11203899 -0.24331226 7.44137655
-1.20449408 -5.40392848 -4.93259687 7.41510356
-4.88258363 -2.65149714 4.89719224 7.40625086
-6.74321456 2.72679575 -0.31781615 7.28061569
2.67620192 -6.51552344 -1.07365347 7.12508485
-5.7994273 -3.94596819 2.05101148 7.3082604
1.65648329 -6.97046618 0.127580355 7.16572483
6.62606746 -2.70145431 -1.3738889 7.28630195
-0.655166538 5.03483578 5.53465927 7.51074349
-3.41022269 -6.61387875 0.575413196 7.46351869
-3.09018098 -4.85164881 -4.72943353 7.4468286
8.084685349E-02 0.807074161 -7.20383606 7.24935576
-6.3655046 2.85528541 -2.15664111 7.30228762
1.57038161 -5.36951194 4.67153484 7.2884151
1.34035773 -6.52171243 -3.00473453 7.30463698
0.599468735 -0.45241308 -7.44175192 7.47955293
-0.547713229 7.25773706 2.05439676 7.56275631
-5.42487828 4.3640059 1.21880891 7.06819263
-7.32816398 1.0389743 -2.37528572 7.77325139
3.24007266 -0.536376356 -6.46290199 7.24947395
-1.41954618 6.72971583 -2.58601227 7.34790079
4.85199414 0.501285293 5.48057419 7.33688132
-7.00117031 -0.371032969 2.20847235 7.35060551
2.16146315 -4.64171259 5.23519059 7.32288462
1.64636098 5.23883746 -4.54065624 7.12555131
3.63877609 -5.9137691 -2.40349849 7.34779977
-3.86947737 -6.20589812 -0.653067649 7.34251482
-2.86685566 -6.48693115 1.38907811 7.22694092
0.889374694 -7.5018686 0.776412663 7.59419755
4.78835915 -0.230610696 5.67980312 7.43247793
6.84138671 -2.4111119 -1.22110111 7.3558902
-3.58067298 4.51178324 -4.80542292 7.50129965
2.47009812 2.67632273 -6.48485492 7.43756891
-1.85802065 3.30608962 6.2141951 7.28001992
6.50487361 -2.11000613 2.85161888 7.40926695
-2.45506545 -2.48144513 6.53335114 7.40740126
-4.11187464 1.18647606 5.86822531 7.26300948
-6.7857399 -1.26518127 -0.926231718 6.96454269
5.84948677 -4.31995237 -0.736301306 7.30894135
3.07668933 5.19724665 4.01617536 7.25307207
3.95115645 -2.48221542 5.89553487 7.51866758
-2.98540404 -6.48365037 -2.19803709 7.46871652
5.4120313 -3.79719812 3.0371739 7.27552209
6.77437365 0.503815321 2.09707723 7.10940934
0.811981587 1.21101129 7.2306856 7.37622374
-3.93832143 -5.12813922 -3.49230842 7.34876899
-2.18941133 -5.52572545 -4.19055451 7.2724075
-1.96850366 1.54269233 -6.82427695 7.26812646
-2.10334562 -6.84711707 -0.412384421 7.17475686
-2.52929966 -2.55404478 -6.21315717 7.17800972
4.59203441 4.4084306 -3.13303901 7.09485544
4.04978874 0.248767724 6.12686371 7.34854633
4.94079564 2.56117966 -4.69812089 7.28309294
-0.618598221 -7.04860698 -1.59081251 7.25232436
2.47655768 5.58212313 -3.92731327 7.26066292
1.88550722 6.87956536 0.62143131 7.16028867
0.341262025 1.23499989 6.83233488 6.95143758
1.17894449 6.92097978 -0.596053162 7.04593149
6.52419329 -1.44181468 3.18844602 7.40338542
-5.13167884 -8.256297737E-02 -5.98115356 7.88131603
-5.55952145 0.993570005 4.85324974 7.44644164
1.12316472 4.52753688 -5.52280325 7.22920776
4.04586599 6.37450891 0.327559419 7.55716154
-6.22783889 -0.192938668 -2.95555229 6.89626652
-3.80809158 -2.42482361 -5.75235928 7.31238458
-5.07628557 3.50266908 3.89685674 7.2953998
-2.70454105 5.68423243 -4.46340018 7.71666909
-4.02091085 -1.12632896 -5.78409884 7.13387275
-1.71426089 -7.23313721 -0.607022783 7.4582465
1.28886009 0.456557081 -7.17979255 7.30883204
0.258213063 6.63942987 -2.20004784 6.99920806
1.99722299 7.1837776 -0.537303251 7.47557724
-3.36078314 6.05734799 -2.64090778 7.41354988
4.3344778 5.80413573 1.17817071 7.33919448
-7.27062564 -7.838773556E-02 2.03985002 7.55176336
5.66349316 -1.88791864 -3.74050007 7.04490826
-3.95821608 -2.26792531 -5.48646476 7.13528243
2.37592861 4.37092256 5.04657332 7.08645913
2.60550187 -6.21094559 -2.89002223 7.32916869
-5.00906302 -5.19736892 1.38002647 7.34900191
-5.38057983 3.9060207 3.36464109 7.45174119
5.3076996 4.37703398 -2.86692669 7.45314498
-7.06442436 -1.33592969 -1.43647044 7.33172879
2.21608308 3.68353964 -5.92887854 7.32332501
-1.91445815 6.71417751 -2.40212659 7.38346408
-4.49496635 -3.4871245 4.26284865 7.1089126
-3.5427481 5.97100218 -1.87039399 7.19043148
-3.20693787 0.539270276 6.1369396 6.94530709
6.49548257 1.9362739 3.27167247 7.52624018
-4.40925678 -4.71705872 3.49848849 7.34381441
-3.15825255 3.63869749 -5.14456999 7.0484948
-9.678516006E-02 -2.71622197 -6.8139658 7.33603156
2.19489007 -3.61813552 6.01009204 7.3504866
3.99635779 -1.09446463 6.3335823 7.56855291
-3.49006264 0.474891139 6.40670807 7.31108522
-2.08128618 -6.58464027 -2.49201525 7.34161969
6.26961067 2.88840298 3.10206791 7.56793994
-6.48938886 -1.9107394 2.4629898 7.19926466
-1.39897187 -6.62476268 -3.13002489 7.45933366
-3.18970737 -3.52740217 5.50165934 7.27221113
-6.04612135 3.4360908 -1.63759798 7.14451052
2.71277323 -6.75333223 0.153176912 7.27942978
-5.56667013 -3.63038487 2.35960724 7.05232281
2.38576179 -7.04252384 -0.63650392 7.46285056
6.49610531 -3.61514962 -1.09851949 7.51501404
-1.55275637 3.08566109 6.16777687 7.06921695
-4.47144242 -5.78385453 0.733340567 7.34741852
-2.92933398 -4.82697017 -5.22725542 7.694468
-0.172827746 2.14351555 -7.2053091 7.51937548
-5.06046392 2.67655396 -3.87650481 6.91372011
1.61830616 -5.98341986 3.95034321 7.35019997
2.5637955 -6.45159956 -1.99345006 7.22288221
2.33267433 -2.591165044E-02 -6.59859591 6.99882197
-1.02338578 6.84800903 2.07676213 7.22879569
-3.96200587 5.58358963 1.81899817 7.08397614
-6.25822615 1.78223563 -3.45052986 7.36531837
2.83220807 -0.592280413 -6.63194526 7.23566836
-2.15365509 5.986594 -3.55015373 7.28567975
6.42468516 1.66884001 2.39699544 7.05742117
-6.60707777 -1.74685934 2.41798086 7.24925001
3.58286904 -3.55091328 5.44095597 7.41956451
0.909999451 5.01920353 -5.28084243 7.34219312
3.84281906 -5.78048666 -2.3189363 7.31838438
-3.47065422 -6.29164898 -0.543778934 7.20596858
-3.81824877 -6.25657868 1.25474826 7.43627552
0.504338379 -6.8922177 1.24690013 7.02223483
5.80841969 -1.85595945 4.55613861 7.61188044
6.07119015 -2.07923744 -2.62637545 6.93400506
-2.09661122 5.18617546 -4.90068471 7.4369957
3.52366998 2.96261272 -5.54459701 7.20665527
-4.06759378 3.69165412 5.34042994 7.66118929
6.53654812 -0.314723975 3.47360757 7.40887725
0.434101896 -2.53803959 7.00618071 7.46435915
-3.83000927 1.79806784 6.00644785 7.34706981
-7.52390917 -0.575085582 -0.484070673 7.56136608
5.63143881 -3.83993155 -0.678131315 6.84967441
2.8153269 4.76256648 4.42425567 7.08393558
4.09303796 -4.86706094 4.20000754 7.62110919
-2.03119482 -6.84319878 -2.41501187 7.53574179
5.52946754 -3.17873745 3.18403362 7.12863613
6.63457118 0.726035833 2.7473849 7.21753328
0.654547468 -0.721671682 7.21161279 7.27712866
-4.55551819 -4.10070017 -3.85141892 7.23891674
-2.14495915 -5.03932636 -4.35743433 6.99877803
-1.38515377 1.23247548 -6.91665741 7.16085166
-1.43325727 -7.08779279 -1.60467923 7.40716062
-2.97347063 -2.35157026 -6.44974516 7.48135168
5.86542102 3.14058884 -3.12299658 7.34980065
4.81042925 4.485247141E-02 5.84179915 7.56761909
4.83555714 3.97184008 -3.98950526 7.42120467
-2.45356035 -6.5668431 -0.394717836 7.02133811
2.46424566 6.44784129 -2.04472385 7.19917076
2.9615539 6.5379141 -1.12011475 7.26428106
4.869545776E-02 3.11071132 7.02560519 7.68362053
1.32885204 7.35378191 0.83681359 7.51958863
6.28508144 -0.495114747 3.66348936 7.29167618
-4.61897392 0.491636387 -5.38333621 7.11034002
-6.82907475 1.50865462 1.99808319 7.27355739
-0.420121331 3.84633889 -6.4832177 7.55002891
3.81995359 6.34955487 7.857817169E-02 7.4104701
-6.9606261 -0.482097968 -2.69910922 7.48117135
-3.33169919 -2.01669969 -6.31533586 7.41962022
-6.03377715 3.27625714 3.22888249 7.58722674
-2.542897 6.37872312 -3.28876995 7.61383225
-6.11563695 -0.97715457 -3.919243 7.3291413
1.56806535 -6.37321818 -3.51793484 7.44665055
-1.42672436 -0.220905905 -7.52105244 7.65836612
1.05900906 6.55800047 -2.45063344 7.08057022
2.33161392 6.76959821 -1.36053431 7.28799952
-2.19165595 6.87106365 -1.2489206 7.31947226
4.62936844 5.45643577 1.41885369 7.2949907
-6.66835545 -1.71583486 2.25180604 7.24442435
5.46987899 -1.63781774 -4.46568841 7.24875134
-5.25602056 -2.22052651 -4.82223358 7.47063764
0.900708391 4.00089857 6.33491133 7.54649365
2.10417956 -5.93034987 -3.56711024 7.23331851
-5.06508556 -5.22364837 -0.429380326 7.28875583
-4.88858352 5.01294002 1.04539111 7.07959456
5.34698075 3.75074185 -3.01598284 7.19405449
-6.9540166 -0.859662627 -1.65628479 7.20004486
0.466643264 3.32839728 -6.78808126 7.57456478
-2.63424453 6.71431677 -0.919871714 7.27100116
-2.94652582 -4.21954526 5.17140841 7.2958921
-2.31560727 6.35699898 -3.00496076 7.40292255
-3.61082846 -2.63872167 5.92977087 7.42718768
5.71865123 2.30140762 3.85484762 7.27044009
-2.629264 -5.55506819 4.36264353 7.53687404
-2.97457294 4.53530216 -5.22706999 7.53255007
1.62928134 -3.21857793 -6.38782081 7.33607908
2.43605806 -2.32921264 6.51155213 7.33211576
2.93818352 -1.28267098 6.47496836 7.22519083
-4.75541578 1.24236924 5.08503323 7.07213006
-1.26187117 -6.87678321 -2.44114389 7.40551481
5.4370293 3.98223668 2.86880723 7.32458542
-6.69862906 -2.44867796 1.61545255 7.31282038
-3.26887505 -5.92686858 -2.94746566 7.38247039
-6.33885649 -1.6230634 3.81882698 7.57620458
-6.33451311 2.51853718 -1.85734222 7.06532419
1.67163768 -7.13243326 -8.035305103E-02 7.32614724
-5.70935186 -4.07392099 1.22913577 7.12069559
1.67673145 -7.36997796 0.678714777 7.58871908
6.41271822 -2.98480433 -0.265888958 7.0783267
-0.182510244 2.35198888 6.67568126 7.08024589
-3.46868164 -6.59296986 -0.824965141 7.49530329
-3.06228038 -5.16145186 -4.41063344 7.44794158
4.61047367 -1.94485049 -5.67985075 7.56965095
-0.148454915 0.616661612 -7.38207224 7.40927129
1.6529488 -6.72628114 2.75528189 7.45430587
0.604042378 -7.07053847 -1.17345763 7.19266183
3.02866987 -0.534907469 -6.92348904 7.57586086
-1.45415083 7.26039339 1.2082358 7.50251295
-5.26596526 4.53603923 1.04834409 7.02887383
-6.53966155 1.16185068 -2.66986323 7.15857806
5.11118576 -2.98294272 -4.19342839 7.25306893
-1.70991412 6.6068684 -2.41605451 7.23960191
5.90793759 0.680392118 3.85857285 7.08909335
-6.01769837 -4.05482412 0.715094612 7.29147808
2.47257238 -2.52458569 6.90566959 7.75728171
0.529852361 3.09358795 -6.78031803 7.47152879
4.54006856 -5.45570658 -2.3464826 7.47548911
-3.71542077 -6.20690857 -0.711000113 7.26880916
-0.610071716 -7.07695344 0.860917502 7.15518249
0.794004062 -7.18064799 0.920945619 7.28287641
4.77511682 -0.10821206 5.15892635 7.03050294
6.84330701 -2.68814284 -1.2242645 7.4535754
2.11199007 -5.00473148 -4.69525531 7.18006001
2.13761264 2.79308487 -6.01072686 6.96416171
-1.45212309 5.03236976 5.3866573 7.51328715
5.75679177 4.77644572 -2.06752568 7.76078267
0.932163089 -2.13381626 7.2974229 7.65992694
-5.976228 1.29700707 4.45355828 7.56516422
-7.42236115 -1.50584318 -0.767950348 7.61240806
6.6821388 -3.12870393 -1.03794358 7.4509794
3.58643572 4.79377394 4.54882703 7.51895053
4.5173396 -2.40297775 5.46267845 7.48475216
-2.19414463 -7.01364143 -1.35114272 7.47201602
6.05524061 -2.83805174 2.55126489 7.15747365
6.65684133 0.363200291 2.42746889 7.09493173
1.38715909 0.828124133 7.09937171 7.28087073
-4.0859498 -3.53419435 -4.51517676 7.04076251
-0.842013571 -6.39599955 -3.60632323 7.39076209
-0.849690627 2.0064352 -6.75525039 7.09796902
-1.56850455 -6.39959426 -2.12530411 6.92328901
-3.24804416 -2.69868645 -5.44489252 6.89054091
4.72543803 3.20698502 -4.67489184 7.38032054
4.57157196 0.833874839 5.93193957 7.53541801
6.25422883 3.25239378 -2.54649849 7.49520501
-0.291665324 -6.64625197 -2.64245955 7.15823487
3.35962135 6.2006607 -2.26399682 7.40681647
0.711575392 6.82691228 1.24019749 6.97503839
0.371347634 1.6675739 7.1659201 7.36675726
-1.15186127 7.6356046 -0.297984408 7.7277446
6.27666755 -2.67162956 2.29906376 7.19860085
-4.52269838 -1.45006506 -5.56342734 7.31499919
-5.77245512 -0.605931959 4.62181525 7.4195396
-0.4409499 4.74732768 -5.64365494 7.38799012
4.18884089 5.87560871 -0.640907832 7.24430318
-5.2149657 -1.02568628 -3.9163624 6.6019538
-4.20128685 -4.14905439 -4.38701081 7.35604019
-4.49058296 4.59198668 3.47898589 7.30445205
-2.53013527 6.5686735 -2.5739216 7.49494019
-5.61100706 -0.506164867 -4.51301234 7.21850978
3.2310442 -6.04579435 -2.07714246 7.16280648
-1.82516193 -0.11582126 -6.97616931 7.21190466
1.34463809 6.47910152 -2.88445427 7.21850985
1.35545251 7.29965267 -1.19631058 7.52019545
-3.72688737 6.06370103 -1.22612507 7.22229481
3.8779781 6.32459095 0.495462333 7.43536466
-7.04997222 0.188061781 2.35581433 7.43554549
3.81764991 -2.16174367 -5.79657613 7.26965483
-4.48463882 -1.60093494 -5.67280828 7.40646554
1.21835377 3.64583243 6.32679751 7.40302957
-0.117166712 -7.0699453 -2.37994145 7.4606954
-5.09666107 -5.69662123 1.19922258 7.7372852
-4.28366995 4.69411514 3.40891755 7.21146754
4.04388436 5.09859939 -3.72657173 7.49907017
-6.25860556 -0.515013185 -3.62861818 7.252741
1.99307517 1.11235805 -6.76906685 7.14352539
-3.11078876 5.52848189 -3.47138146 7.23129365
-3.78122665 -3.99219116 4.47147552 7.08726735
-5.03449595 2.73097301 -4.081246 7.03284665
3.57274844 -5.10484201 3.45928504 7.12675216
5.29337194 2.65893465 4.06095387 7.18199598
-7.23669246 0.197116536 1.69704411 7.43562583
-2.24308971 5.42316558 -3.99873842 7.10155513
0.44620027 -2.31384497 -7.00552451 7.39123446
3.0736696 -2.34161762 5.72977482 6.91092884
2.79251527 -0.10440688 6.55412847 7.12500122
-4.8597738 0.242240614 5.29294978 7.1896731
-0.87066749 -6.17991287 -4.31337701 7.58647522
5.50026204 3.52516873 3.89467687 7.60580074
-7.25419219 -2.1084444 -0.108254447 7.55516784
-3.20703059 -5.60044824 -3.93477766 7.55860707
-4.36262167 -3.04906877 4.88868662 7.22693192
-6.37490975 3.50297749 -0.976240684 7.33916695
2.20228128 -6.8351764 -2.79780901 7.70697181
-6.45859818 -3.01658041 1.85109355 7.36476715
2.02916007 -6.83841198 -1.47163858 7.28334326
6.21282839 -3.47064976 -1.0134412 7.18830366
-2.56205409 4.66638659 5.01639597 7.31460959
-3.30832764 -6.97287332 0.748502532 7.75411182
-2.79545885 -5.30932533 -4.59163607 7.55557062
1.27587147 0.65035488 -6.98492577 7.13021721
-4.74899055 -0.739067699 -5.42405955 7.24703762
1.96375252 -5.56602089 4.55444838 7.45519366
1.43161597 -7.07695918 -1.15310167 7.31180682
3.5864061 -0.447213527 -6.48212883 7.42161053
1.104688324E-02 6.86988854 2.42022468 7.28374753
-5.88148768 4.58224876 0.435882821 7.46852695
-4.1700315 4.10055237 -4.34912446 7.28824917
3.89938732 8.557459215E-02 -6.25189021 7.36876351
-2.19043516 6.21415186 -3.71410958 7.56361682
4.71200398 9.149887799E-02 5.92533379 7.57105898
-6.68130389 -2.421962 2.70188618 7.60301983
2.74896067 -1.98092806 6.63393599 7.44915884
2.83484828 3.74064018 -5.64017047 7.33759339
3.27245676 -6.02527098 -2.44423673 7.27922776
-4.32526333 -6.30226784 4.880472338E-02 7.64387759
0.662358403 -7.03921741 2.56275848 7.52044091
1.1179309 -7.14232073 1.29051398 7.34356462
5.06220636 -2.50814491 4.27390787 7.08399694
6.06313296 -2.44545185 -3.3745489 7.35726826
-0.27287072 -3.77126033 -6.02592206 7.11397213
2.75958808 2.84252693 -5.83986572 7.05686313
-2.89768035 4.49356965 5.68000015 7.80071287
3.168527 4.89107349 -4.50495197 7.36591851
0.608554273 -2.39986799 7.05497792 7.47679197
-6.22321724 1.06735503 3.82676397 7.38321082
-7.53271595 -0.979110175 -0.556152884 7.61641467
6.59227799 -3.40878942 0.34582785 7.4295068
3.93984816 5.70372905 2.81051057 7.48023384
-5.37109052 -5.3942155 0.265139123 7.61685454
-2.4084662 -6.51969288 -1.21536836 7.05579371
5.06694693 -3.44898915 3.99749949 7.31775098
6.77398258 0.79158727 3.59911279 7.71148904
0.748350635 -0.644496191 7.36673774 7.43264616
-3.26297569 -2.97154685 -5.85796484 7.33436113
-1.68536093 -5.03363264 -4.82311356 7.17219098
-2.19278391 1.36898997 -6.7461301 7.22445196
-0.115530537 -7.45316227 0.276112287 7.45916973
-1.44287839 -2.35215512 -6.68760086 7.23453779
5.05670692 3.83720083 -3.31818042 7.16273107
3.65624583 -0.248307453 6.01827114 7.04623145
5.48179438 1.40935546 -5.02881964 7.57135254
2.466837983E-02 -1.34163411 7.14798184 7.27284229
3.31431184 5.94837125 -2.54862547 7.27071354
2.94538955 6.82231689 -0.484404028 7.44674255
1.41453266 1.9277717 6.87245137 7.2765235
0.552504671 7.13707556 -0.260627778 7.16317219
5.70115199 -3.5153322 2.75030173 7.24050096
-4.00959053 -0.49903927 -6.31467575 7.4967317
-7.14073183 1.7022698 1.81093334 7.56090293
0.55673592 3.68060095 -6.12483585 7.16731417
1.81921395 6.75758046 0.906886755 7.0566902
-6.17183338 0.35834985 -3.6020502 7.1550477
-3.46882028 -4.62533099 -3.80970644 6.92389082
-5.70274603 3.89506577 3.11864092 7.57751746
-2.53699904 4.97954151 -4.38197543 7.10168335
-5.65163598 -0.838930864 -4.57538719 7.31976517
3.00980368 -6.32282932 -2.94300543 7.5959443
-0.563188088 -0.480418001 -7.13740598 7.17569135
0.994212773 6.88869836 -2.09287695 7.26792666
2.24881916 6.76703545 -0.958867511 7.19509439
-2.98412028 6.91108456 -0.186075211 7.53011869
4.76628457 5.5558805 1.45861325 7.46410271
-7.04868205 -1.1342739 1.2889969 7.25479213
5.68461667 -1.57344422 -3.58189292 6.90076447
-3.89781583 -2.01279673 -6.03687464 7.46245095
0.518816166 3.7409998 6.56866342 7.57704355
2.39870326 -5.56619166 -4.17794504 7.36148706
-4.39288623 -5.86271072 -0.410553534 7.33739604
-2.59877663 5.72766256 3.59775055 7.24593454
3.64087022 5.74072118 -0.627499492 6.82682732
-6.81564979 -0.352421777 -2.86633425 7.40223988
2.01076386 4.07026691 -6.01551489 7.53635611
-2.93550031 6.16071907 -1.77654697 7.05178989
-3.4889149 -3.56162766 5.51247218 7.43270262
-3.24538325 6.28449987 -1.84710802 7.31021607
3.22956398 -4.59732924 4.43697335 7.15906783
5.92698029 1.7411603 3.40937929 7.05582041
-3.48092366 -5.21848815 4.0968537 7.49223988
-2.99725646 4.10902048 -5.52598166 7.51026424
0.37699842 -2.37540348 -6.88127684 7.28948836
3.38576472 -2.88471225 5.46524622 7.0465512
3.53188017 -1.62496727 6.31308434 7.41415741
-4.78071496 0.852057519 5.68127848 7.47383186
-1.50888576 -6.70886857 -3.03489538 7.51639832
5.67664119 3.77902857 3.51830106 7.67357508
-6.70040064 -2.84647246 -0.715086672 7.31499303
5.03394504 3.10754286 -4.17483626 7.24062726
-3.56349611 -4.12738529 5.26206492 7.57780582
-6.51207042 2.99632627 -0.991211602 7.23654149
1.41340874 -7.01942243 -1.69122866 7.35732763
-5.51594364 -3.6203284 3.21918106 7.34135809
2.80284439 -6.58890853 -1.17330604 7.25577696
6.51101008 -3.12718752 -1.10640872 7.30730417
0.43352619 4.91299441 5.47373901 7.36799008
-2.95458936 -6.5282068 1.00176096 7.23537196
-2.44706518 -5.78558507 -4.13799768 7.52224351
-0.384464457 2.64840582 -6.80912183 7.31614696
-5.8723884 -0.271960132 -4.37212405 7.32627985
3.25467651 -4.04741592 4.93479727 7.16426681
0.81425149 -6.77034627 -2.20610967 7.16711337
3.69353662 0.607031456 -6.16771006 7.21466197
1.10680181 7.04942877 1.69980311 7.33544728
-4.50188459 5.50071926 1.19830417 7.20838471
-6.96853971 0.882197487 -2.99713138 7.63685895
3.06657142 0.460099908 -6.44764585 7.15455723
-1.91314574 6.01586717 -2.80874937 6.90940356
3.73957012 3.40203583 5.01936257 7.12406016
-6.58291199 -1.75855253 2.65618848 7.31317814
2.84449603 -4.71604119 5.05817899 7.47779224
-0.101954664 4.87347518 -5.18634977 7.11754024
3.2579822 -5.40832878 -3.56465992 7.25060471
-3.43633486 -6.7475676 0.112862049 7.57303133
-1.85184864 -6.74692202 1.54388991 7.1647677
0.697933801 -6.9556118 1.59903186 7.17109126
4.73483689 -0.232750812 5.34961253 7.14781138
5.72772565 -3.98562911 -1.59408571 7.15773636
1.63185943 -4.11471512 -5.7676699 7.27047879
2.90469681 3.01436249 -5.82184538 7.17060167
-2.76098234 3.25326515 5.80503997 7.20452959
4.90955782 4.4133302 -2.72922439 7.14352205
0.290565339 -1.45325716 7.0535607 7.20757263
-5.64963591 2.05908578 4.28209211 7.38204124
-7.40949059 -0.438615928 -0.660677032 7.45180708
6.34287336 -3.53651574 0.835554195 7.31007092
4.49708029 4.43485327 2.98849542 6.9873285
-4.32344289 -5.90160892 0.340079708 7.32371493
-2.04572184 -6.97781086 -1.82625483 7.49733479
6.15369944 -2.62342851 3.66193259 7.62627985
6.93220977 0.650482774 2.44896276 7.3807912
-0.357082454 -0.278638589 7.60601755 7.61949148
-4.45855158 -4.3111421 -3.54384442 7.14307088
-3.55533545 -4.71621281 -4.21047994 7.25335886
-1.39186282 2.3081066 -6.78673331 7.30235491
-1.83354405 -7.17035204 -0.102843875 7.40178418
-2.4762912 -2.54074577 -6.63972419 7.52817006
4.6625178 3.01837349 -4.19353454 6.95955334
3.67884903 6.118020092E-02 6.58770129 7.54556039
6.44593094 2.54444113 -3.20439813 7.63494426
0.803833693 -1.58872302 7.33821355 7.55113021
2.05683206 6.57496131 -2.26165723 7.25091496
2.73848553 6.80040147 -0.121604276 7.33209047
0.549374873 4.05072382 6.14095054 7.37708952
-0.802392169 7.49146289 0.135382312 7.53552771
7.17613567 -1.13591014 2.21130727 7.59454375
-3.95744169 -8.323994786E-02 -6.31399682 7.45216945
-7.16567298 0.902471697 1.37153123 7.35135514
2.86012401 5.75038795 -3.70953936 7.41673467
3.98417891 6.16696987 0.322794607 7.34910847
-6.88960168 0.402648542 -2.14157125 7.2259992
-4.36202801 -3.04106978 -4.80570912 7.16730311
-4.41169836 4.8424035 3.22181589 7.30014053
-2.00466038 5.19638016 -4.67749461 7.27323764
-4.22067603 -1.67236791 -5.74444647 7.32185672
3.8132558 -5.23824508 -3.61220146 7.41809482
1.616050241E-02 -5.532279371E-02 -7.18166369 7.18189495
0.818456842 7.04164477 -1.67553105 7.28436936
1.23988832 6.97301239 -1.37149544 7.2139604
-2.67993552 6.2932402 -2.54030034 7.29657813
3.69656332 6.25141345 0.759109482 7.30212282
-6.74202748 -1.19020312 2.06157757 7.14993847
5.79131 -2.36991968 -3.39290174 7.11811583
-4.53393161 -2.89561793 -4.94977118 7.31036071
-0.951726584 3.52047782 6.51447085 7.46578047
2.03463055 -5.90365913 -3.45798716 7.13796805
-5.48103617 -5.06851476 0.51089737 7.48282136
-4.43754808 4.39310696 3.40502406 7.11234213
6.50004241 1.33451993 -3.71883225 7.60665551
-6.51148788 -0.502709105 -3.43020731 7.37689047
-0.357717587 2.6123969 -6.68384124 7.18514532
-2.54303247 6.58183369 7.108141359E-02 7.05638728
-3.64019728 -4.0202108 4.92730546 7.32744636
-2.17977733 5.31385353 -4.53033799 7.31521913
3.90428662 -4.39798269 3.89803204 7.05551979
5.99131777 1.07108093 4.20325412 7.39665114
-2.43283371 -5.59325753 4.44616718 7.54795418
-3.88438648 2.06437963 -5.81921592 7.29475123
0.318179554 -1.81835216 -6.9836191 7.22347413
3.17634252 -2.18250646 6.53162354 7.58383757
1.32501791 -3.618549 6.29065429 7.37712008
-5.39130851 1.6512091 5.10871376 7.6086566
-1.49329431 -6.42366421 -3.7501786 7.58664809
4.94157876 3.45128892 3.8957617 7.17687642
-6.68607359 -1.97787173 1.22336338 7.07899531
4.41520671 3.32491201 -4.6784725 7.24135313
-1.05738675 -5.55400814 4.70928003 7.35815137
-6.60030074 3.60165479 -1.15529315 7.60727214
0.670092809 -7.03631005 -1.77646147 7.28796946
-6.53508815 -2.84502336 1.08284155 7.20930516
2.15649673 -6.86192797 -1.0186261 7.2645807
6.80711083 -2.74739046 -0.208397831 7.34359189
-1.28209142 4.7619005 5.33891946 7.2679788
-3.03849107 -6.52835839 0.984864302 7.26786413
-2.82346615 -5.07047201 -3.91455038 7.00038229
0.698035738 2.07578821 -6.91746093 7.25585393
-5.1703011 0.344396708 -5.065764 7.24655694
2.69210645 -5.190587 4.40093213 7.31832181
2.32473379 -6.86886026 -1.89557065 7.49525294
3.75049559 -0.959913016 -6.28463949 7.38135107
-0.682260077 6.34042603 3.19115769 7.13091639
-6.49540317 3.53435291 1.48272052 7.54190778
-6.9865482 -2.26256439 -0.931543408 7.40262295
4.28956895 -0.269407629 -5.76335449 7.18952274
-1.35779467 6.67835585 -2.08993588 7.12824489
4.27088032 0.985020413 5.96331926 7.40080134
-6.67550151 -0.405773331 2.23853646 7.05251855
1.98494413 -5.28950983 4.64904206 7.31659139
0.317925721 5.84540302 -4.59578065 7.44251389
4.16408486 -5.63041798 -2.12701687 7.3188394
-4.57137234 -5.56972248 0.551094723 7.22654544
-3.06590752 -6.40969323 1.12876096 7.19430731
-7.563502352E-02 -7.29907208 0.902352079 7.35502639
5.52350593 -0.565013111 5.06605876 7.51620309
7.23309647 -2.29965705 -1.55607276 7.74773964
1.22966176 -4.44739885 -5.57871097 7.23971275
1.16173457 4.69323271 -5.84771769 7.58761245
-2.37713127 3.08828786 6.15713658 7.28687902
4.94822735 4.02276269 -3.1676064 7.1204848
-0.693009824 -2.00766692 7.12084011 7.43083798
-5.57708897 1.65400798 4.39163258 7.28876536
-7.37048074 -0.645227153 -0.712693334 7.43291573
6.18585328 -3.29841085 0.637158598 7.03919499
4.93835716 3.16585754 4.68843907 7.5094265
-5.29175787 -5.29194202 0.197280343 7.48640576
-3.3783528 -6.23143366 -1.61071546 7.26900526
4.52953539 -4.27326058 3.76722575 7.27801049
6.80079517 -0.487356827 2.0265532 7.11303377
1.22334499 -0.328246528 7.40349588 7.51106317
-4.72453514 -5.08079929 -3.28842438 7.67785703
-0.825628552 -5.71118269 -4.63817969 7.4035114
-1.48920775 1.42335111 -7.34313966 7.62662233
-0.750243453 -7.47433268 -0.694624378 7.54393911
-2.90559585 -2.21046332 -6.29516392 7.27720579
6.62880722 2.46051963 -3.24814244 7.7811099
4.01649512 -0.327851058 6.5262184 7.67015293
6.09507553 2.69565694 -2.75228579 7.21051934
0.1134562 -0.936753284 6.80616011 6.87125858
3.7687165 6.23050341 -1.46605944 7.4277673
1.95923996 6.96796138 0.224820412 7.2416608
0.76615055 4.1399418 6.18449958 7.48158672
1.28126378 7.51746475 -0.402071797 7.63646351
6.50291245 -0.272335996 3.4998053 7.38990354
-4.6028387 0.770312721 -5.698776 7.36583693
-5.8624426 0.608835988 4.20749025 7.2416772
0.713937215 3.71471342 -6.18814102 7.25271614
3.40987975 6.30215362 0.991001744 7.23370615
-6.20994082 -1.19061276 -3.32695282 7.144896
-4.08976567 -2.86031627 -5.26589844 7.25515533
-5.51206431 3.90766992 2.49689849 7.20327976
-2.1552347 5.81835404 -3.19725721 6.98002392
-5.3671685 -0.767907473 -5.03427156 7.39865324
2.7458182 -6.15287797 -3.70711829 7.69026338
1.52374027 -1.11295324 -7.33791109 7.57663438
0.133159926 6.46246059 -3.82467821 7.51061195
1.81847932 7.13215897 -1.49220104 7.51007474
-2.28763282 6.02933873 -3.773425 7.47160797
3.94130196 6.03199573 0.29512927 7.21151405
-6.68664599 -0.204083518 2.4377875 7.12009077
6.28149955 -1.91983861 -3.10510658 7.26530824
-4.67825446 -1.506623 -5.25961087 7.19857515
1.47549763 4.33944599 5.76389013 7.36412345
2.23250981 -6.13290795 -4.01388524 7.66211033
-5.10349539 -3.89405291 3.16404772 7.15685066
-3.59012406 6.07129557 3.02078845 7.67299052
5.54546478 -2.91475022 -4.31687485 7.60811127
-7.01906819 -0.919665275 -2.53387321 7.51888395
1.17544738 2.72063058 -6.2064042 6.87771476
-1.79782635 7.16053182 -0.485733294 7.39873856
-3.31130554 -3.37926473 5.81480608 7.49640876
-3.15339625 5.10342247 -4.08585018 7.25830562
1.2332608 -4.97199687 5.10778137 7.23402485
5.98653977 1.0635915 4.10824212 7.33808821
-1.50919029 -5.69529636 4.32167204 7.30690804
-2.10722092 4.41984644 -5.17243242 7.12246303
0.387405101 -1.96735982 -7.17498786 7.44990189
2.7719919 -2.76811221 5.99391462 7.16054444
1.75531866 -0.703597963 7.22570189 7.46906698
-5.749561 2.07513066 3.87209815 7.23579734
-1.14828085 -6.86652763 -3.32215417 7.71391334
5.11672124 3.7791379 3.62034807 7.31912834
-6.2887415 -3.05294925 1.79705605 7.21790685
5.34253243 3.00568433 -3.58273749 7.10019711
-3.90709992 -3.57118171 4.96675273 7.25860877
-6.99173041 2.24335966 -0.937389638 7.4024088
3.00799613 -5.69984533 -4.23515614 7.71186261
-4.7410803 -5.13155535 2.50390371 7.42160606
1.92909376 -7.24772322 -0.443359791 7.51315264
6.20279941 -3.62565817 -1.73606543 7.39148435
-1.56392083 4.18974659 5.96093649 7.4520191
-2.56486855 -6.69119631 0.919196942 7.22465097
-2.91681479 -4.88941209 -4.9293509 7.5307808
1.33324704 0.590822887 -7.19768445 7.34392816
-4.74953608 -0.32980312 -5.46769062 7.25000026
1.67969695 -5.70649544 3.53902781 6.92171871
-0.249125998 -6.68726726 -3.34287561 7.4804027
0.997948815 0.62607458 -7.22382776 7.31925944
-2.49436388 6.26588367 2.75152423 7.28382008
-4.10747036 6.03230319 1.54606209 7.45991304
-7.14454654 -0.39900045 0.628296172 7.18320978
2.85574263 0.520761326 -6.56000169 7.17356819
-1.77718828 6.93863098 -0.640216569 7.19116647
3.62575944 4.19266873 4.19781581 6.9531475
-7.01833674 -6.442079102E-02 2.01828188 7.30305843
2.50230607 -3.84598178 5.45723392 7.12983264
1.15927625 4.24536517 -5.46999088 7.0205304
3.9983523 -6.29420319 -0.811085291 7.50077824
-4.35719589 -5.55611223 -6.534066225E-02 7.06114782
-1.17712795 -7.11748531 2.06307272 7.50336567
1.73100098 -7.31008336 0.69080741 7.5439312
5.31047656 -1.65272599 4.87355862 7.39487918
6.61288803 -2.09805617 -1.57869202 7.11508231
2.21191938 -4.17080131 -5.52742905 7.26915695
2.30390528 4.00747845 -5.7937886 7.4118722
-1.98359746 4.14079241 5.76191749 7.36753105
6.1037681 -0.940219551 4.10398779 7.41503295
-1.95658558 -3.50626242 6.05853586 7.26828453
-6.05354616 2.09765795 3.68579604 7.39125717
-7.13355395 0.207389338 -0.159811333 7.1383571
6.72025931 -1.86303954 -1.39529214 7.11193657
6.10325088 3.30650103 2.33790845 7.32450929
-3.71618038 -6.3060266 -0.609507736 7.34489399
-2.53113094 -6.9207891 -1.67771099 7.55768879
6.30965649 -2.59285527 3.17280974 7.5233892
6.75889452 1.3684514 1.74259834 7.11280277
-4.215142997E-02 2.08410583 7.02330488 7.32612348
-4.71924788 -3.46717268 -4.39565116 7.3221811
-3.70202275 -5.5649515 -3.3569175 7.47947544
-1.92886692 3.16382779 -6.31549906 7.32228531
-2.46275759 -6.61726653 -0.669136475 7.0923293
-3.23933583 -0.626232523 -6.49502071 7.28496794
4.83929782 3.68856836 -4.28082245 7.43974333
4.74972844 0.805294457 5.80586804 7.54430402
6.63269504 1.71994103 -3.4306641 7.66291699
1.03410932 -0.229783539 7.37212553 7.44784649
2.92055553 5.97552654 -2.6488653 7.15912351
1.88871165 7.15004262 -0.466464921 7.40998858
-0.416069097 2.25034692 6.63109575 7.01488458
1.86380459 7.14925125 -0.416074838 7.39991076
6.2825908 -1.43125226 3.34011123 7.25780775
-4.29964881 0.259446989 -5.9026576 7.30723336
-6.32236526 1.78427988 3.46402945 7.42667202
0.403694902 2.98502189 -6.61257917 7.2663284
2.06587478 6.73974231 1.159376107E-02 7.04926233
-6.60242424 -0.496750861 -3.34512902 7.41813019
-2.68930219 -3.3299921 -6.16189357 7.50267459
-2.40416483 4.96981803 4.89729552 7.37987826
-2.92566457 5.67176507 -4.12589045 7.59943446
-5.54835773 -1.16172168 -4.79488639 7.42460815
3.54590434 -6.04724321 -2.18012956 7.34135906
-1.58188546 0.134378735 -7.23105859 7.40328492
1.28123055 7.01634809 -2.24159065 7.47632402
0.601846927 7.226231 -0.729967136 7.28789998
-3.74244878 5.53628317 -2.48143591 7.1283854
4.10756796 6.44251189 0.158177907 7.64219172
-7.19342132 0.501405491 0.89661713 7.26640489
5.8322126 -1.94711324 -4.35937754 7.53724925
-4.81731473 -1.69576394 -5.17471215 7.27047333
0.935063972 4.15667459 5.93301708 7.30431242
0.823901679 -6.07430541 -3.8508244 7.23911934
-5.89650037 -4.12556693 -1.44989478 7.34106354
-3.85652282 5.72778215 2.34603173 7.29274444
3.88498796 -4.34744211 -4.17819692 7.1729153
-6.69822106 0.171936459 -2.26557754 7.07308767
1.19199162 2.38961595 -7.04892989 7.53780612
-2.82564285 6.448331 -2.59643068 7.50377788
-3.73977412 -4.19022799 4.6699918 7.30429631
-5.58604527 4.30929418 -1.16235468 7.15017387
-5.79923136 0.553814392 4.38848372 7.29359885
5.41417159 1.73049563 4.36249414 7.16513952
-4.57117231 -5.09772698 3.43286768 7.65943974
-2.69110822 3.27665166 -5.48551893 6.93321192
1.20602917 -0.565908735 -7.33737723 7.45733623
2.90992617 -3.14049692 6.03945817 7.40307005
2.26495663 -1.10750712 7.03855094 7.47648313
-5.22159987 1.82872647 4.83436627 7.34713842
-1.41342828 -5.97243302 -3.65265039 7.14209987
5.2249592 3.93623079 3.36282957 7.35545608
-6.66422889 -2.18978353 0.996092337 7.08514633
4.68412622 3.75482938 -3.64270886 7.02204457
-5.19429959 -1.50250145 5.12606336 7.45082441
-6.80645059 2.70734965 -1.02576507 7.39660096
2.1320222 -5.75410973 -3.60744343 7.11821224
-5.81752422 -3.83003754 1.98560877 7.24261126
2.68039701 -6.79137084 -1.13993666 7.38963474
6.31444531 -3.38125936 -0.367132021 7.17216288
-1.97913699 4.83351792 5.42661377 7.5318003
-4.21671064 -6.26118311 0.910107556 7.60337809
-1.56646368 -4.39788118 -5.71756285 7.38144242
0.305443909 3.61678451 -6.63206766 7.56034044
-5.84451998 0.388394905 -4.53227173 7.40612932
2.89797108 -4.8262816 4.87861464 7.44930273
1.20693591 -6.77125717 -2.14930052 7.20597743
4.43158959 1.14775071 -5.72341494 7.32896968
-0.258537012 6.65035637 3.09575286 7.34014761
-6.33518947 3.54928779 0.853005425 7.3116132
-7.29486551 -0.661397611 -0.83288809 7.37198834
2.7764065 0.266349779 -6.56991598 7.13744851
-2.63694594 6.70070272 -1.8074157 7.42426106
4.56093597 2.44094099 5.14066831 7.29292812
-7.10691837 -0.931571259 1.30929026 7.28631283
2.29585248 -2.73399043 6.3335539 7.27045716
-0.741787002 4.66114709 -5.51892814 7.26189424
4.09004247 -5.45150233 -2.27506752 7.18493265
-4.15258571 -6.23628288 0.709267316 7.52583898
-2.90875643 -6.49190447 1.4889963 7.26792939
0.575126198 -7.16226015 0.275036793 7.19057619
5.08220643 -0.620651731 5.16398311 7.27191532
6.01399897 -3.62713182 -2.29081918 7.38729459
1.48267985 -1.4909822 -7.05631513 7.36294443
1.84637027 4.41372268 -5.28229403 7.12689703
-2.5187587 3.75775451 6.05993781 7.56225566
6.35093001 0.826353284 4.13009525 7.62068622
-2.95557978 -2.37333446 6.26621213 7.32349526
-5.13738411 0.345343148 5.84884407 7.79236513
-7.30614943 -0.618270241 -0.533175099 7.35162249
6.51573049 -3.17320784 -0.546778639 7.26794047
4.90370658 4.13108444 3.24575264 7.18659218
-5.31271403 -4.46803191 0.169300036 6.94383914
-3.23645449 -6.61293488 -1.53532169 7.52082163
5.68766542 -3.54407797 2.91314355 7.30728622
6.93064481 1.17231758 2.01547419 7.31233904
-8.086029029E-02 0.895902414 7.01967016 7.07707204
-4.39077665 -4.13565772 -4.62420297 7.60038404
-2.73739611 -5.17297594 -4.93640828 7.65644462
-2.14968097 2.22843803 -6.98747912 7.64276971
-2.90650571 -6.97153355 -0.779788781 7.59329481
-2.85675406 -2.9582322 -6.2804152 7.50704979
5.5698148 3.41726022 -3.43736729 7.38349499
3.01032363 0.125612535 6.66797653 7.31708534
5.72578495 1.862135 -4.52664739 7.53277483
1.45813692 -1.58611079 7.12973192 7.44815332
3.0311139 5.84523476 -2.75969491 7.13935129
2.43417764 6.8108294 -0.207701316 7.23572787
0.330044616 2.64398548 6.85929295 7.3586336
0.423156277 7.47823302 0.250464914 7.4943821
6.35285196 -2.99602107 1.77779806 7.24537343
-4.4585793 0.18073109 -5.68623189 7.22805826
-7.65840483 0.164913714 1.87149178 7.88548303
0.625467298 4.43165247 -5.67994384 7.23135637
4.46487335 5.9983032 0.65524441 7.50626941
-7.16867061 0.204423286 -1.94502846 7.43066369
-3.33770837 -4.01343712 -5.08525726 7.28751096
-5.65464557 3.84268945 3.2324717 7.56241708
-2.58686252 5.68126141 -3.34727366 7.08327818
-5.51591115 -1.42706798 -4.87095676 7.49586677
1.36870993 -6.38876267 -2.62297844 7.04057322
-1.96127924 0.503170385 -7.18917694 7.46887286
0.701379791 6.24753217 -3.73030844 7.31018419
0.985919091 7.14546867 -1.00137257 7.28234207
-2.90112567 6.24252782 -2.98756077 7.5040791
2.79567158 6.51810654 1.89982486 7.34239926
-6.59971978 -1.86389229 1.74195368 7.07564826
3.14583047 -1.80099365 -5.37865593 6.48612111
-4.86646765 -0.735087352 -5.04269301 7.04639011
1.56776131 3.75332721 6.24935561 7.45652641
1.34783727 -6.12238461 -3.96617592 7.41827541
-4.93430578 -5.81302021 1.60331301 7.79161024
-4.26272674 4.98098951 2.88547595 7.16289517
4.60631969 -3.3151944 -4.60071055 7.30583551
-6.7159144 -0.518561233 -3.00628379 7.3763239
1.06890319 3.06538373 -6.70769071 7.45199612
-2.39523754 6.74175056 -1.61353377 7.33429306
-2.37401265 -4.74213338 5.00886244 7.29468766
-3.18641804 5.87830841 -2.5487563 7.15569202
-4.38067254 -0.178110791 5.74590485 7.22754716
5.1817418 1.89145239 4.60070665 7.18293407
-2.78765921 -5.06776804 4.02146494 7.04453668
-3.19226733 3.99780151 -5.47957571 7.49658173
-3.09202915 2.943991024E-02 -6.38409943 7.09353484
4.35369926 -1.99513772 5.93907817 7.6294116
2.95274351 -4.052600451E-02 6.91739509 7.52134904
-6.41752347 1.56534561 3.16765331 7.32590894
-1.34693578 -6.30223034 -3.82909758 7.49628785
5.57708035 3.70960239 3.75013585 7.6764897
-6.87624574 -1.79805135 -1.5211196 7.26839384
5.25509977 2.24862396 -4.61095648 7.34392967
-3.6895068 -3.75511174 5.45618078 7.5817698
-6.75692633 1.9331 -1.55680921 7.1983737
3.46922033 -5.67506542 -2.60175862 7.1421989
-6.0515304 -3.66917643 1.09194633 7.16074177
2.68782988 -6.86519116 -1.32294022 7.49035713
6.52319518 -3.78019874 -1.1989371 7.63409641
-2.37884825 4.06577389 5.74346809 7.42811295
-2.79637939 -6.76629618 0.538153556 7.34112464
-3.56657594 -2.12900161 -5.88550846 7.20363253
1.90427764 1.28422476 -6.98191397 7.35000879
3.20436045 -0.348969252 -6.84736749 7.56810062
2.48418917 -4.82083908 4.7579488 7.2145521
0.238928321 -6.37388929 -3.39702983 7.2265734
3.86036404 2.21058975 -5.68183097 7.21611535
-2.9632412 6.37149998 2.9062989 7.60416884
-5.35032663 5.25331903 0.854777922 7.54678748
-7.13145592 1.41852327 -0.780907822 7.31298085
4.13441066 -0.794784374 -5.95808141 7.29546214
-2.21994897 6.34673156 -2.36350366 7.12708387
5.82945659 1.43794006 3.97069832 7.19838044
-7.25910309 -1.02793108 2.38282945 7.70902693
2.8737532 -4.92226568 4.65474305 7.35892585
4.634358993E-02 4.11972644 -6.07373673 7.3392487
3.32026465 -4.3399125 4.42819668 7.0333437
-1.98107128 -6.8783916 -0.242267732 7.16209523
-0.714890862 -7.05845573 2.13082089 7.40764901
1.09286779 -7.1570038 0.910519883 7.29699321
4.55726571 -1.7495787 5.25835075 7.17495289
5.77899444 -3.58940397 -1.28655079 6.92356921
0.205047242 -3.15460727 -6.36975002 7.11106931
2.23346266 3.36571689 -6.25320116 7.44438919
-2.99144895 4.2590381 5.04715244 7.24996001
5.7283173 -1.50013902 3.91857458 7.10065229
-1.89472816 -2.45063247 6.33394656 7.05084912
-4.97632095 1.29992273 5.42150027 7.47303382
-7.35077109 0.100816567 -0.161204241 7.35322966
5.84952934 -3.8231816 0.505546958 7.00637487
6.38402739 3.18598342 1.70723897 7.33627705
-3.34288984 -6.5821216 1.07873282 7.46075745
-3.62153503 -5.83973489 -2.46227875 7.29937232
4.24087398 -4.05821948 3.97314583 7.08802125
6.69233568 0.979450003 2.61227664 7.25056332
0.847202192 1.49910279 7.09616447 7.30209633
-4.54390599 -4.03261077 -3.38155619 6.95298163
-1.48099805 -5.3290544 -4.8617164 7.36399772
-1.89996809 2.54116762 -6.41606863 7.15774743
-0.140456109 -7.4778585 0.345085039 7.48713425
-2.89464358 -1.43471071 -6.96018153 7.67342708
6.49781456 1.51748483 -3.11489749 7.36389439
3.37291441 9.502774856E-02 6.41538873 7.24864087
5.30411576 2.15785293 -4.51258816 7.29063956
1.09124847 1.9317151 7.10332195 7.44174234
4.05554507 5.88993594 -0.259048282 7.1558296
1.0688575 6.75899822 -0.301829287 6.84964337
-1.16049613 3.34853196 6.0986314 7.05356098
-1.54035426 7.09737915 -1.40538214 7.39733608
6.30274289 -1.59763028 3.17289635 7.23493342
-4.40773158 -0.336671097 -5.99579198 7.4492259
-6.99279869 0.548811444 1.04301243 7.09142457
0.792094448 3.48648329 -6.16128183 7.12350849
5.1805786 5.09916624 0.264941602 7.27393188
-6.88513913 -0.301461302 -2.62381782 7.37430944
-4.5205593 -3.31532058 -4.97557753 7.49554392
-6.00807639 3.55330863 3.01705742 7.60431586
-1.68754575 5.80191668 -3.61320659 7.04026347
