2.72443126 1.50022802 -0.675544332 3.18269853
0.905471642 0.587853583 -1.20914123 1.62094826
3.18459798 1.65217602 -0.843157957 3.68541249
1.86546214 0.522586435 -0.378289792 1.97386644
0.796461512 2.28673967 0.424684818 2.4584317
0.764054848 0.543325185 -1.19747467 1.52083124
0.140331096 2.853335 0.270469229 2.86955868
1.29671676 0.432945476 -0.596975161 1.49174243
-0.655757772 3.29214162 -0.624404599 3.41439538
1.06853786 0.427518185 -0.917431146 1.47181006
0.562057313 3.23276229 -0.838443549 3.38668688
1.54440147 0.101206777 -1.07273449 1.88312985
0.786016602 3.03824163 0.406686618 3.16451076
0.965468762 0.936387619 -0.890474655 1.61303962
1.79684048 1.40936188 -1.43370245 2.69637522
1.15906771 0.205957234 -1.6329435 2.01304764
5.991181571E-02 2.48943785 0.425650256 2.5262756
-0.595950093 0.270264423 -1.51276985 1.64823299
2.40955503 1.49554557 -0.28288384 2.85002373
0.385840045 0.895880265 -0.937082197 1.35262598
0.751736538 2.36696826 0.689960568 2.57753606
0.414500981 0.227198061 -1.42392656 1.50033225
2.18583863 1.87760384 -1.11869728 3.09107915
0.793883247 0.659526231 -0.948088059 1.40146225
0.173297487 2.0974741 0.760347772 2.23775744
1.08668652 0.590416225 -0.935642397 1.55077581
2.25438729 2.09824482 -1.07885614 3.26325358
1.05316127 0.843239435 -1.28770164 1.86504073
1.65487038 2.69475903 1.08528779 3.3433773
1.33335097 1.0225744 -1.31331112 2.13266719
0.714111605 2.15865708 0.624551813 2.35792722
1.45710646 0.615052288 -0.411814563 1.6343316
9.135501626E-02 2.47244437 0.462783703 2.51704106
1.46278018 0.72852558 -1.0778835 1.95762821
0.243018503 2.18303142 0.556787387 2.26598684
1.63602663 0.429722622 -0.532463202 1.7733476
-1.523218066E-02 2.49390073 1.32858905 2.82576038
1.71916638 0.333713865 -1.24858979 2.15078461
2.69830946 1.30458544 -0.817082563 3.1065159
1.29966593 0.834268772 -1.10832688 1.90092724
2.89201397 1.60993043 -1.05637585 3.47441373
1.11768619 0.834123816 -1.1740183 1.82299312
1.51038592 2.66357606 -1.32721518 3.33727482
1.35086123 0.747351756 -0.616704949 1.66243367
2.78360507 0.942839593 7.874168535E-03 2.93895657
0.896331247 0.955036957 -1.03639147 1.67021333
2.04157388 2.8205124 1.38981036 3.74898479
0.909581644 0.471752757 -1.2849472 1.64346546
0.279722123 2.4187823 0.317362656 2.45549818
2.31340803 -0.43498612 2.47814281 3.41793233
1.27930943 2.47783592 0.730048324 2.88258114
1.96199187 0.779921859 2.25724441 3.0907673
1.97044457 2.1699035 -0.867253388 3.0566749
-0.706876789 -2.02253908 0.613993942 2.22875025
2.83204522 1.35529251 0.256301869 3.15007755
-1.37609626 0.44648986 2.30904361 2.72482596
0.697881823 2.26389947 0.410313144 2.40429547
1.39074371 -1.34451257 2.00951995 2.78927455
1.77516702 2.43209723 -1.00810749 3.17531031
-2.06617299 -0.75300024 2.67667038 3.46419464
0.292847748 2.78672642 0.624017575 2.87071453
0.496612473 5.44785448E-02 2.72244446 2.76790457
0.442175349 2.00154342 1.51221591 2.54725187
0.30272239 -0.525088949 3.13232091 3.19042215
0.368046522 2.21984047 0.934052811 2.43630963
0.577794367 -0.725843076 3.33060666 3.45740296
-0.378997005 2.53577255 1.08569159 2.78433249
1.04461233 -0.711212408 2.55831744 2.85342358
0.644236611 2.18516156 1.15017889 2.55203514
0.972779333 -2.03306791 0.922034059 2.43512044
-1.42578725 2.50618413 -1.01495277 3.05678873
1.01420036 0.242778194 -1.06438073 1.49011743
-0.520396649 2.47340432 0.932101117 2.69394768
0.764215874 0.314000508 -1.45291549 1.6714023
2.13452635 2.03162154 -0.677571121 3.02370492
1.18543463 0.199857507 -0.871888897 1.48505506
1.28080277 2.83719651 1.13660998 3.3139134
0.220260674 0.68123762 -1.59972898 1.75263581
2.49992828 1.59165286 -0.478716306 3.00202757
0.435536603 0.768845821 -1.16943284 1.46573844
-0.100514127 2.37882571 -1.84756528 3.01370409
-0.348610623 0.667078055 -1.77874241 1.93143653
0.632780775 3.01094218 0.604801943 3.13559719
1.57608803 2.698340394E-02 -1.14108292 1.9459835
0.30977932 2.23633584 -2.18108434 3.13915437
1.55369799 0.174432166 -1.25427897 2.0044001
-0.719257126 2.62470846 0.585944709 2.78383845
0.203028078 -0.155234299 -1.79250651 1.8106346
0.834554236 1.97856703 0.961285667 2.35271724
1.09018997 0.392486113 -1.12623708 1.61584946
-0.619953953 2.59781074 0.817499519 2.79307519
1.47036729 0.155882974 -0.624814516 1.60520175
0.662543464 2.43181945 0.899683977 2.67621766
1.0129794 0.630776967 -1.45918735 1.88500254
5.458541135E-02 2.93457767 0.562529923 2.98850558
1.24358346 0.388353094 -0.889329238 1.57741068
0.148208181 2.8791715 7.323315491E-02 2.88391354
1.35199812 0.351042678 -1.220846 1.85515359
0.687413152 2.22343471 1.51184076 2.77522274
1.23055683 0.410982491 -1.10402898 1.7035424
-0.778000057 1.82223786 0.869461955 2.16374652
0.796854787 0.683959686 -1.06949372 1.49886464
-1.12379634 2.77799384 -0.186768645 3.00250737
0.878064342 1.05183405 -1.36704923 1.93550393
-0.287184004 2.7181803 1.12359559 2.95524041
0.909927518 0.156839943 -1.21299434 1.52444158
0.11943147 2.6485456 0.78269147 2.76435591
0.3348499 0.319757494 -1.46557556 1.53697138
-0.277799639 2.97692185 7.782140247E-02 2.9908681
0.480668106 1.95067907 -0.528038395 2.07726147
-0.981666941 3.03886142 -0.421866069 3.22122953
1.99143077 0.228671194 -1.33771699 2.40989083
0.810830214 2.71612817 0.724779094 2.9257653
0.618979497 2.04259087 0.800576632 2.27952539
-0.271534215 2.61711008 0.500704521 2.67837657
0.797644831 2.02218108 -0.426130291 2.2151841
0.221841732 2.95924392 0.612816798 3.03016217
1.31096772 -9.381799666E-02 -1.06654881 1.692620
0.227125077 1.88388048 0.808702906 2.0626662
1.45228167 -0.528193803 -1.27737183 2.00494128
0.724853712 2.70922884 0.907799598 2.94778458
2.09198737 -1.66026797 2.07054416 3.37935704
0.493798253 3.36374856 0.351599188 3.41793257
1.12106143 -0.107250069 2.60670345 2.83957465
0.272418273 2.77833517 0.707271732 2.8798596
-1.93923406 0.863031756 1.82423893 2.79880336
-0.442330932 3.01723579 0.495859383 3.08953799
-0.399386239 0.78515758 3.0193065 3.14518577
-0.214506682 2.60104296 0.574001605 2.67224913
1.07572262 -0.167879028 2.71008029 2.92059886
1.53596345 2.77763419 -0.948238472 3.31264119
0.906725373 -0.121688684 3.00362359 3.13985887
-0.138321798 3.43333977 0.349872041 3.45389134
0.25364408 -2.77980485 2.30786142 3.62186066
-0.77687374 3.5794846 -5.00988303E-02 3.66316158
0.869272646 1.01836421 2.47751138 2.81616108
0.201558005 2.49436084 0.780652467 2.62142707
1.1277579 -1.82519306 1.7502374 2.76884426
0.61956926 2.85502609 0.666326156 2.99650306
-0.365312019 -1.90120063 2.70591392 3.32715897
9.883215663E-02 3.23902705 0.53018643 3.28362021
0.516851272 1.55855887 3.15261528 3.55460604
0.221273656 2.77681724 0.410417742 2.81569152
1.3466453 -0.447982942 2.54026661 2.90982761
-0.471898475 2.68568843 -0.351219853 2.74935736
-1.18578577 0.436042458 2.49379899 2.79557764
0.270094144 2.28395667 0.433362608 2.34034444
1.78673455 -0.384974686 -0.729226255 1.96784064
-0.246493282 2.69359079 0.650470161 2.78196005
0.284426597 -2.42153902 2.02296561 3.1681445
0.750908863 2.9005052 1.47099109 3.33775513
1.93370891 -0.856019299 1.84254644 2.80481311
5.65118969E-02 1.95040418 0.617195893 2.04650943
-0.680248501 -1.68895559 0.686853929 1.94604145
2.10966069 2.61950577 -0.284522304 3.37541577
-7.174761388E-02 1.37142034 2.40131482 2.7662708
-0.883683238 2.32105479 -0.658084181 2.56929294
0.755570018 -1.21718025 2.30738395 2.71595923
1.284668419E-02 1.63151703 0.902923959 1.86474784
-0.961867629 -2.2784501 1.10812137 2.71006589
1.68175007 2.08172876 -1.26122909 2.95847541
-1.05262509 0.491764689 2.80026157 3.03171849
1.30761984 3.3080142 0.78505234 3.64268236
0.823182817 -1.24300482 -0.77226599 1.67901331
-0.214729415 2.95228202 1.29304563 3.23017722
0.769684075 -1.39193918 -0.345485309 1.62765733
-8.276684052E-02 2.93082773 0.893779573 3.0651987
1.25303004 -0.565274553 -0.134883635 1.38123611
-0.391735115 3.04738913 0.416305088 3.10053976
1.73371666 -0.20356624 -0.751439157 1.90049296
-0.766399016 1.97884883 -2.11801663 2.99820022
0.115845845 -2.19489406 2.53718648 3.35682818
0.727162685 3.17833403 0.543130299 3.30538398
5.259269213E-02 -1.68372908 1.63363323 2.3465862
1.6548701 2.58691211 -1.741644759E-02 3.07099538
0.287214919 1.26511551 2.46316506 2.78391662
-0.611076312 2.88070045 0.24494375 2.95496985
0.587942248 1.00259064 2.74723278 2.98297704
-0.647811888 2.83369805 8.870888737E-02 2.9081564
0.857134153 -3.363485528E-02 -1.1692066 1.450122
-3.085829658E-02 3.25789594 2.299800215E-02 3.258
1.10952605 -0.611353303 -1.28247481 1.80264876
-0.694705729 1.72452913 0.342957506 1.89056516
0.761994452 -0.617241964 -1.51617347 1.80565921
-0.715548525 2.92368477 1.963617302E-02 3.0100378
1.13466709 -0.579203468 -0.759104262 1.48296505
1.63520452 2.06953002 0.35290732 2.66108848
0.520022949 4.022298265E-02 -1.68745732 1.766225
0.461510638 2.10425616 0.718986225 2.27108503
0.814814854 -0.623904439 -1.13155383 1.52761057
0.97168997 3.15731852 0.799650057 3.39886479
-0.952043316 -1.19520686 -0.451509788 1.59335087
2.80602708 1.4344281 -0.409270365 3.17787259
1.39364655 0.213284493 -0.524367759 1.50422822
-1.23836397 2.15943953 1.14094064 2.73833343
-1.08564943 0.288974094 -0.674287652 1.31026888
-1.43390251 2.22086895 -1.84317717 3.2226755
1.40304645 1.69846261 -0.753648681 2.32836872
0.370073762 2.78553371 0.402890309 2.83874501
1.03038524 0.248760727 -1.44596224 1.79286989
1.20926411 -0.719334038 1.65359284 2.17120484
-1.20231993 -4.960876938E-02 -0.988439258 1.557
2.09099302 1.78496691 -0.753622222 2.85066749
0.657134698 0.273955375 -1.53164842 1.68903062
0.750020642 2.33225583 0.954716449 2.62934055
-1.01147096 0.105227161 -1.1879935 1.5638014
0.531378171 2.70954557 0.48502524 2.80343529
1.27514299 0.676679275 -1.07390597 1.79921053
1.45261011 1.99998087 -1.16108676 2.73095626
1.08897576 0.148447493 -1.46316929 1.82996427
-0.377468046 2.09103036 -1.9469974 2.88195923
1.17404607 0.36093916 -1.0382102 1.60827288
2.67193536 2.20565863 9.559563055E-02 3.4660218
0.71829979 0.914376585 -1.90890249 2.2351617
1.85746715 1.9480527 -1.69340894 3.18005147
1.08841092 4.813877351E-02 -1.12876036 1.568775
1.49874895 1.86657469 -1.6457006 2.90494061
0.475216897 -2.506536158E-02 -1.39495713 1.4738
1.93195369 1.71334614 -0.917171844 2.74029273
1.77422083 -0.53284835 -1.22835474 2.22275556
1.47656491 2.22742606 -0.764114497 2.77948588
1.16847363 -0.919802101 -1.01998181 1.80325523
2.46090038 1.54701207 -1.09704241 3.10689219
0.880853763 0.165761076 -1.30774262 1.5854245
2.2570689 2.03500738 -0.888899789 3.16634772
0.952161096 -0.224720598 -1.19118547 1.54143859
2.83227162 1.46538882 -1.046801 3.35632526
0.307683329 0.240313938 -1.50637727 1.55614662
1.12312637 2.48658258 1.01119082 2.90981316
0.816267402 5.129389091E-04 -1.60879468 1.80402
0.431069297 2.95388012 -9.473653887E-02 2.986670
0.849969232 0.610759465 -1.16466351 1.56585948
-0.493827226 3.39571255 -0.343755531 3.44860796
0.819923171 0.600385296 -0.97739623 1.40997869
2.39959191 1.6373376 6.940031335E-02 2.90581007
8.289753418E-02 0.624350756 -1.47677704 1.60547
0.319968955 1.83233666 0.645480766 1.96887866
0.777752295 0.545275989 -1.28238133 1.59584661
1.02506255 2.70278236 0.55277331 2.94301615
1.00511753 0.661377885 -0.968730424 1.54470728
2.35010172 1.82118457 -1.04891411 3.15276262
0.68383479 0.926293103 -1.5109545 1.89964008
2.03623627 1.79492658 -0.568922604 2.77339007
0.297188233 0.404232403 -1.44144771 1.52626871
1.76699294 1.17269234 -1.09682098 2.3875694
1.19098383 0.498531508 -1.23611998 1.78744755
1.93670369 2.10979618 -1.11765708 3.0742834
0.590705313 0.656653051 -0.767398303 1.17005391
2.15900966 2.58251865 -3.614022024E-03 3.3661162
0.80954986 0.902665056 -1.32223203 1.79401023
-0.393427962 2.41495929 3.961281871E-02 2.447117
1.16715597 0.964461207 -1.00505472 1.8172984
-1.57927148 2.40620116 -0.862191705 3.00454272
1.40102824 0.122234633 1.33818613 1.94127885
0.22729927 2.57364661 1.24426214 2.86766632
0.531328255 0.760375058 -1.33238873 1.62349612
-0.455757068 2.41497493 0.636548318 2.53870285
-1.10015251 -0.122474656 -0.734569663 1.328506
2.32775107 2.04211358 -0.686967671 3.17184134
-0.708156993 0.162603598 -1.15238617 1.3623216
2.54521911 1.67509515 -0.967087042 3.19677046
0.667484798 0.501834631 -1.15785279 1.42758434
0.822839109 3.47757489 0.314609998 3.5874184
0.440719429 -0.158810375 2.78797962 2.82706292
-0.127900092 2.57363362 0.242637895 2.58820818
-0.819772249 -0.535363528 2.52931226 2.71220595
-0.17656252 1.9812631 0.512905341 2.05417859
0.636420775 -1.59340007 1.1365633 2.05808924
0.810629212 1.79037724 -1.78180587 2.65281031
0.949181995 -2.27883901 2.41985115 3.45683862
1.97109043 1.95676156 -1.3933047 3.10731576
0.942278454 0.155655059 -1.14273797 1.48928414
2.20466713 1.38628463 -1.51576052 3.01328263
-0.276670167 0.19652188 -1.81347967 1.84495955
0.696635725 2.77683031 0.139725428 2.86628873
1.07476896 0.836231413 -1.00805653 1.69428134
1.41258672 2.04937686 -1.28891327 2.8029706
0.389541775 0.717524006 -1.54646922 1.74875686
0.677789878 1.71376901 1.30535282 2.2583953
1.23499045 -9.534691902E-02 -1.61464648 2.03503
2.41691239 1.8170576 -0.140917989 3.02704834
0.835012301 0.49051382 -1.41497989 1.7146479
-0.118502506 2.71369199 0.463809346 2.7555918
2.30909899 -0.280809053 2.74363731 3.59699007
-2.796862688E-02 2.43523997 0.73889593 2.5450232
0.770683074 -0.43289596 -0.941961581 1.29175963
1.521277 1.92111231 -0.921013748 2.61786603
0.18684647 0.222575689 -1.72635606 1.75064468
2.48062414 2.78894638 -0.388037328 3.75263787
1.34687699 0.774045474 -1.54251496 2.18919538
0.465757691 2.25489185 0.76002084 2.42468537
-0.180220462 0.417084299 -1.61338559 1.67614193
0.231226463 3.42393484 0.872653633 3.540949
-2.115156573E-02 -0.470446612 -1.48325028 1.556
-0.396403903 2.79104939 0.10988266 2.82119956
0.860970051 0.755326568 -1.37587129 1.79019816
0.497479942 2.60801548 0.587350227 2.71922991
-0.158186688 0.2650795 -1.72566332 1.75305564
-3.57052783E-02 3.21035519 0.220761611 3.2181347
0.622140708 -8.633886277E-02 -1.48759862 1.6147
0.342381327 3.00023165 0.779117469 3.11859567
0.244534537 -2.11024157 2.02469338 2.93467202
2.35043034 2.53605193 0.563517547 3.50337469
0.814506827 0.54617398 2.89031765 3.05215719
0.487849815 2.57386039 0.38084438 2.64722443
0.297222625 -1.96547755 1.70414332 2.61831009
0.114929904 2.51911638 0.674873604 2.61048092
1.32048722 0.982416752 2.15564008 2.7121234
-0.670778836 2.03740617 0.661021534 2.2445306
1.10271317 -1.38563475 3.11044506 3.57922177
-0.88733937 2.99203394 -0.646297704 3.18705805
0.547511721 1.33734905 2.76707807 3.12169707
0.640405107 -2.134306947E-02 1.94739358 2.050101
1.11179667 -3.548246437E-02 -0.808701942 1.3752
0.792143835 2.5550399 0.803947205 2.79321533
0.293852397 1.67021928 -1.18959867 2.07150348
-1.13682859 2.43877786 -3.56118571E-02 2.6909635
1.27266335 0.791916176 -1.47128877 2.10035566
1.69557853 1.89882367 -1.74467517 3.08616417
1.29789265 0.747377144 -1.33298809 2.00498259
1.34085911 2.23083499 1.00856191 2.79136616
1.20068635 0.956791977 -0.869369849 1.76434196
0.509082288 2.98708194 0.484581811 3.06865489
0.481486587 0.329181011 -1.3317821 1.45390269
-0.891072927 2.61870268 -0.522022701 2.81498178
0.983293496 0.132254789 -1.57528046 1.86168364
0.378742962 2.77695786 0.345266431 2.82385376
1.51912866 0.477875614 -1.48243355 2.17571281
-1.15253236 2.39310477 -0.280597181 2.67095789
1.94456123 -0.713641835 1.82109742 2.75807883
-1.24886453 2.18924251 -1.92593144 3.17201155
0.800287933 0.457037509 -1.12905185 1.45742998
-1.21362252 1.71235433 -1.72038942 2.71381221
1.75756223 0.245649893 -1.04647162 2.06021157
-4.73026331E-02 3.0986582 0.141276763 3.10223779
0.437600173 -0.109392076 -1.28785401 1.36456165
-0.296673462 2.55624847 -0.196112539 2.58086837
0.928848705 0.560317992 -1.65709429 1.98057508
0.269265626 3.3776893 1.30995873 3.63280619
1.07867919 0.743611273 -1.28738242 1.83680702
-1.01768073 2.90756929 0.572953945 3.13335434
1.973436 0.416163814 -1.26088417 2.37854385
2.08415391 2.54340311 -0.889129485 3.40633941
1.08955754 -0.115542872 -1.79102023 2.09958073
-0.710344019 2.78366187 0.142768281 2.87641179
0.992626468 -0.42109816 2.42238993 2.65152861
0.191193526 2.94571438 0.832423252 3.06703711
7.920818667E-02 -1.95587339 1.81308026 2.668140
-1.10068838 2.60906508 -0.392849027 2.85885744
1.47171954 1.45069175 2.34950237 3.12899766
0.732148518 2.55166964 0.874594836 2.79499115
0.198501461 -1.85984755 2.31278365 2.9744586
0.322971662 2.64525954 0.860111634 2.80026798
-0.789845757 -0.679270853 2.51226166 2.71969187
1.35473122 2.52708365 -1.80261506 3.38686721
2.67102828 5.992213517E-02 1.56974269 3.0987214
2.4336146 1.57300046 -0.61450974 2.96216689
2.23020174 0.414289879 1.59587949 2.77349369
-9.296385583E-02 2.44282037 6.146338885E-02 2.44
0.981101185 0.711572643 3.28694535 3.5032706
1.93270099 2.1391207 0.78014648 2.98660326
2.26929706 -1.20950749 2.08104351 3.30807491
2.17065771 1.8255644 -0.995328896 3.00584761
2.28934014 -0.261514932 2.28708392 3.24657069
0.874046669 2.55088476 0.830309733 2.8214154
1.0278451 -1.59659005 2.24244566 2.93838866
-1.58992486 0.687697795 0.286514357 1.75581314
1.73859767 -5.611467817E-02 2.43086311 2.989141
1.11508683 2.54443901 0.616298932 2.84559535
1.09585275 -2.28371016 0.929273969 2.6981059
1.0187682 2.55187852 0.677774553 2.83007967
2.7812072 -0.282196991 1.42533304 3.1378851
-0.329480253 3.05369763 -0.822386676 3.17961417
0.930551948 0.42257053 -1.85951309 2.12185808
0.590506697 3.40434624 0.592926365 3.50568583
-0.386129319 0.143920173 -1.31450712 1.37758406
0.868548579 2.76949197 0.568573417 2.95765754
0.782145286 0.518114179 -1.79316867 2.0237706
1.06371801 2.94065121 1.02737312 3.29156818
1.11036101 0.557390622 -1.17997305 1.71345332
1.13559648 2.5595715 0.869349576 2.93202223
0.826912116 -0.898289061 1.2464641 1.74481507
-0.395289188 2.3018931 -0.178763189 2.34241791
0.855688028 0.598723474 -1.04590271 1.47803392
-0.130144466 3.19751147 0.34594554 3.21880343
0.489219431 0.278505702 -1.37954544 1.48998212
-0.274371173 2.50828315 1.997998779E-02 2.523323
2.14618486 0.642670464 2.48923898 3.34894692
2.42431357 1.19745797 -0.949770776 2.86587969
1.0874227 -1.278456219E-02 3.31017766 3.4842399
0.942310105 2.32458976 0.767867516 2.62322062
0.844570565 -0.174116074 -1.42961965 1.66955928
-1.48121276 2.84659079 -1.51195425 3.54726317
1.50701951 0.701155057 -0.901310883 1.89079018
0.60445033 2.90241979 -0.320347169 2.98194955
0.623348789 0.87011768 -1.19164231 1.60177398
0.370325555 2.2002356 0.438431894 2.27385141
1.90900849 0.492609206 2.8895765 3.49808942
-6.660981458E-02 2.33620804 0.211374622 2.346696
2.77808983 -0.393959832 1.59164404 3.22588254
