2.15905803 0.103772785 0.365449089 2.19222568
1.03619478 2.97353779 0.270592009 3.16051367
0.859473754 1.7114146 1.49501311 2.42954713
-0.737319683 -1.91883013 3.44448305 4.01123582
1.08376424 -1.16988272 -1.2931739 2.05316079
4.152812728E-02 -1.27468705 1.79402531 2.2011539
2.26925519 0.990439893 -0.861590958 2.62160815
2.23608791 -0.548469843 -0.345102001 2.32809014
1.07764504 2.88054791 0.335150806 3.09373579
0.439983899 1.10565668 1.801747 2.15924866
0.655278562 -1.25608526 1.4041223 1.99466779
0.916894012 -1.2664103 -0.698588647 1.71245899
-0.486146505 -1.2591408 1.39953641 1.94434466
2.09776515 2.2387249 -1.57668483 3.44941196
2.71016333 -8.864013431E-02 0.157191628 2.71616487
1.49945962 2.97816492 7.733700882E-02 3.33524009
0.181832519 0.775560416 1.45390513 1.65782905
0.530788609 -2.17416308 2.11706719 3.08069718
2.73488414 -1.44515946 0.160262476 3.09737973
0.222368274 -0.392262883 1.3914326 1.46266964
2.13731359 -0.115570754 -3.08722475 3.75665046
2.70395609 -0.430389697 -0.126475006 2.74091403
1.03489635 3.00069808 0.208520398 3.1809873
0.281301961 0.972664199 1.67637798 1.95843038
-4.340801035E-02 -1.6839424 2.58280364 3.08357275
2.7086135 -1.38571978 -0.510834358 3.08508641
-0.614117329 -1.53226105 1.94001686 2.54727883
1.9596709 0.267345696 -2.84671908 3.46635158
2.66671809 -0.119515163 -0.139943588 2.67306069
1.92074181 2.73910965 8.262608941E-02 3.34646049
0.151768839 1.79196265 0.752656191 1.94952693
0.984016404 -1.3592683 2.14885309 2.72643874
2.96352119 -0.305931047 0.240473578 2.98895955
-0.116789347 -1.11859123 1.17687966 1.62786112
1.97581867 0.862862397 -2.5822857 3.36401403
2.40437919 0.160714066 -0.442915672 2.45011073
0.936560617 3.35308677 0.367071668 3.50072539
0.385869504 1.12162965 1.81559314 2.16871547
0.82783042 -2.42720643 1.47781966 2.95982858
2.97934819 1.10263975 0.945449446 3.31454442
-0.781688106 -1.73197291 1.49790599 2.41960509
2.30169685 -0.332810137 -2.78098114 3.62524855
2.32448355 -0.479699605 -0.771332982 2.49565423
0.708798742 2.9268819 0.427082327 3.04161678
0.86020504 1.09151223 1.36568574 1.9484479
0.710147792 -1.83368073 2.41664522 3.11558486
3.12919692 -0.459494832 1.01844611 3.32268587
0.421693932 -0.175391264 0.983150034 1.08405344
1.32068143 9.474072382E-02 -2.0701567 2.45738153
2.30886197 -0.514443927 -0.402016969 2.39939863
0.69399907 3.58925185 -0.223162513 3.66253533
0.974526037 1.02755024 2.03501865 2.47928647
-7.071944937E-02 -0.961426043 1.92531534 2.153179
2.41568112 0.718768153 1.03455689 2.72441753
-0.433595317 -1.45731658 1.68629283 2.27054179
1.13140144 1.37813671 -2.9622401 3.45748412
2.84857418 -0.468533736 -0.720128144 2.9753123
1.26683951 2.77696559 -0.28193893 3.06527484
0.476209724 1.62278039 0.975448424 1.95235538
-5.880545267E-02 -2.10659582 2.9640891 3.63689816
2.59980401 -0.763636122 0.56384973 2.76767908
-0.886656809 -0.589656664 1.47759954 1.82130604
0.643231896 -0.109995447 -2.8917569 2.96447369
2.02807274 -0.95665686 -0.212473625 2.25242457
1.02653202 3.15409139 5.07826725E-02 3.31732413
-0.246593028 0.90954097 1.72588262 1.96640375
0.910775898 -2.26717065 1.92047956 3.10770289
2.80736964 -0.447446184 1.29426137 3.12356285
-0.490809825 -0.919741097 1.69599112 1.99077971
1.14335526 0.310050484 -3.03106552 3.25434337
2.95683222 -0.969208846 -0.570207227 3.16344098
1.19198745 2.53745972 -1.013365285E-02 2.8035047
0.497194093 1.19981246 1.63779489 2.09024496
2.29412825 -0.734485572 2.66915401 3.59539658
2.15345599 0.592459193 1.70373719 2.80911036
-0.736322838 -0.566169293 1.7922677 2.01864869
2.47959162 0.184394456 -2.41876235 3.46883081
2.66280641 -0.46307728 0.493754269 2.74750283
1.93340831 3.50670644 -0.458863728 4.03058478
0.779495133 1.39877893 2.6666089 3.11046591
1.23733953 -0.954075092 2.12948892 2.64121022
2.88480882 -1.10036974 0.962692673 3.23414791
-0.427301117 -1.08799131 1.71015152 2.0714559
-8.649250404E-02 -1.082504226E-02 -2.49397086 2
2.69294089 -0.583940225 0.255401652 2.76733569
1.6000057 3.20874717 -0.489936813 3.61885544
1.09080703 0.678336707 1.19315391 1.75317339
1.36340513 -1.1258263 1.59300799 2.37992287
2.69431853 -0.176617038 0.94559069 2.86088932
-0.165908 0.844602385 1.80278723 1.99772882
1.54321754 -1.89197216 -2.89477825 3.78692753
2.06313822 -0.813547518 -9.499609756E-02 2.219779
1.79908205 3.07579717 4.191536736E-02 3.56356302
0.771545929 0.494951501 1.59736507 1.84169359
-0.219577911 -2.22812903 1.2947697 2.58634917
2.67656342 -1.07949318 1.03252635 3.06519297
-0.108889611 -0.199409668 2.34587716 2.35685401
2.28032542 0.334704924 -2.43365915 3.35180672
2.50204386 -8.905895209E-02 -0.211668327 2.512560
1.39069455 3.17128681 -0.717832659 3.53643537
1.59818895 1.13660626 1.74706097 2.62646221
0.658056231 -1.13982411 2.23920913 2.597363
2.33666102 -1.0693545 0.376126289 2.59710892
-0.310626888 -0.450219195 2.6209863 2.67745319
2.2148902 0.418216325 -2.35336568 3.25867665
2.11478495 -0.51239815 -0.224170021 2.18749158
1.20806112 3.3288003 -0.354863783 3.55896775
1.7093872 1.63824427 1.44931415 2.77603321
0.707326708 -2.01241228 1.78146548 2.77916058
3.12236045 -0.18562601 1.3485914 3.40621352
-0.304287369 -1.05584786 2.06285586 2.33725903
2.58096474 -1.49847973 -2.18587416 3.69930619
2.32528513 -0.271213383 -0.346250512 2.3665158
1.2071288 2.62730795 -0.510494394 2.93607076
0.128289612 1.38093439 1.99124428 2.42662148
0.368803625 -2.30230789 2.5587152 3.46174251
3.03920076 0.364262563 1.43410048 3.38024743
-0.458961858 0.187338105 2.51516112 2.56354774
3.01851839 -0.238431147 -1.94848794 3.60068159
2.31341342 -8.966925712E-02 -0.776674391 2.441955
0.178191551 3.55038371 -0.126445946 3.55710068
1.07175818 0.696538552 1.46547178 1.94459227
0.926899001 -2.13850374 1.98921742 3.0642007
2.70648471 -0.232407602 0.984477075 2.88933693
-3.269534892E-02 0.211912343 2.53152109 2.54058
3.51571232 -1.11988213 -1.2797151 3.905386
2.52616289 -0.548053519 -0.759857544 2.69429863
1.86765165 3.24926598 -0.992621463 3.87700265
0.168203146 1.17013383 1.75221403 2.11370753
0.65949149 -1.430535 1.64457586 2.2772767
2.72909515 0.404591353 1.05005815 2.95199536
-1.58551088 0.433901875 1.94309766 2.54514128
-8.362799537E-02 -0.625627523 -2.05152855 2.146
2.70701665 -0.238595702 -0.770734017 2.82469431
1.69897358 2.49087758 -0.292736128 3.02930302
0.749062727 0.591993645 2.59104743 2.76135442
1.36761085 -1.34953085 3.02270033 3.58166305
2.32592858 -0.254379184 1.85497482 2.98589754
-0.239455932 0.900866708 2.60368627 2.76551662
2.99772789 -0.295588148 -1.8365583 3.52798685
1.74157629 -0.795815911 -0.58385196 2.00182268
1.24283335 3.18888873 -0.920372169 3.54411216
0.997896416 1.1353713 2.06842978 2.56188739
0.249613039 -2.83006654 2.33053112 3.67463721
1.49090846 0.213760514 1.08071116 1.85376326
-0.931173329 2.312921252E-03 2.36110326 2.53808
2.87500042 -1.90899198 1.75086617 3.86980751
2.59547801 -0.589762788 -0.366925485 2.68681234
1.19230192 3.34722405 -0.726760706 3.6267994
0.996078344 0.183436422 1.52449333 1.83027345
0.517776194 -2.40171768 1.64574711 2.95716478
2.35658176 -0.494118747 1.23404318 2.70564105
-1.37007513 0.213359822 2.45396856 2.8186149
1.75727027 -1.82870351 0.623923733 2.61178793
2.54749245 -0.143512118 -0.20251648 2.55955591
1.66758558 3.21852649 -0.334706921 3.64029987
1.67452771 0.702958739 1.34618859 2.26062331
0.859300291 -1.58024956 2.47546984 3.05998964
2.01462595 0.166109563 0.665345224 2.12814341
-0.776797894 -0.420738089 2.54752491 2.69635285
3.26167389 -1.21757733 1.28991852 3.7128023
2.48008033 -0.226447474 -0.762552128 2.60452733
1.78593248 3.04147245 -8.188595923E-02 3.5280043
0.301115929 0.994402252 2.03505494 2.28494097
1.10834504 -2.01556673 1.79347165 2.91675822
1.70023842 0.178668017 1.51129185 2.28182734
-0.976041958 0.260852112 2.64363936 2.83011145
3.84013366 -0.198762141 1.27951446 4.05256587
2.70686565 -1.04806442 -0.798202617 3.01042989
2.17634339 3.15238609 -0.67159097 3.88909283
0.399562806 0.362255585 1.45387216 1.55068494
0.580878516 -1.49506481 2.84699815 3.26772659
1.57637619 -0.299115151 1.89095308 2.47994664
-0.703518713 -0.928424654 2.16565101 2.45905576
2.13293012 7.592070641E-02 -3.06322842 3.733433
1.96935894 6.189025954E-02 -0.152584614 1.9762305
1.03583256 3.67095565 -0.469197913 3.84304712
1.55684095 1.33290914 1.85783548 2.7662164
0.523504416 -2.22602909 2.52867537 3.4093198
2.25109814 0.55459508 2.39668539 3.33453436
-0.214050923 -0.249883945 1.77512677 1.8053628
1.71404035 -0.27903139 -2.09438452 2.72070567
2.2820249 -0.791134239 -0.925389297 2.58647953
0.876934166 3.26398889 -0.770389964 3.46643011
1.51059856 1.99745553 1.62146281 2.98343397
1.54972127 -1.70455997 2.49728967 3.39758979
2.1557072 -6.879898106E-02 2.34367651 3.18506301
-0.744048542 1.58088973 2.0362143 2.68309322
2.40587497 -2.23812007 -1.50927297 3.6159813
2.40917943 -0.68919917 -0.190314171 2.5130381
1.44156131 3.31440269 -4.983393964E-02 3.6146711
1.21054646 0.921172552 1.22058949 1.95033851
0.187169749 -2.69203889 2.83675621 3.91526394
1.66345396 0.229523704 2.86236177 3.31856521
-1.2865576 4.021712298E-02 2.10473711 2.4671372
3.76005637 -7.77335551E-02 -1.96559999 4.243542
2.72725856 -0.866090235 -2.702592409E-02 2.861604
2.02468103 3.24067894 -0.948654695 3.93716637
0.981784776 1.41036613 1.89612354 2.55896824
1.09902663 -1.818559 2.08957342 2.98015661
2.10812784 -0.747132771 2.04595531 3.03122805
-0.98454746 -1.16811045 1.35963744 2.04509895
0.892171418 3.485978954E-02 -3.16056015 3.28425
2.48682858 -0.42587287 -0.15472613 2.52777061
1.39819993 3.14565112 -0.224378022 3.44969991
0.70447194 1.50764307 2.28596288 2.82752447
1.17152994 -1.40617417 1.7601987 2.53931244
2.41856553 -0.204575023 1.78672155 3.01391507
-0.373310493 -0.729203878 2.46512779 2.59768244
2.19098004 -8.874765865E-02 -2.81139168 3.56541
2.95790409 -0.202689529 -0.360386393 2.98666336
1.50630071 2.80736412 -0.565192598 3.23568815
0.376172921 1.40220776 2.31903461 2.73598505
1.14453515 -2.3621975 2.70864806 3.77183139
2.10051984 -9.552757559E-02 2.40086962 3.1914705
-1.19857889 0.298494435 2.81813628 3.07694367
1.83204428 -0.505960524 -2.03953683 2.78784734
2.42322374 0.234172562 -0.856784501 2.58087771
1.69440963 3.36197692 -1.42402747 4.02514186
1.21213232 0.984070805 2.01954747 2.55269115
0.686775892 -2.35234275 2.10576288 3.23100833
2.4106584 -4.694142989E-03 1.75047067 2.97916826
-0.369483416 0.1725783 2.15616721 2.19439246
1.88289457 -1.38307892 -1.23703018 2.64356633
2.49257983 -0.177180605 -0.653813209 2.58298643
0.851799012 3.13032115 0.346730567 3.26262074
1.76027185 1.67351044 1.4184125 2.81266568
0.568342068 -2.09032461 2.03916395 2.97500576
2.92285541 -0.941842841 1.76234206 3.54062159
-0.528961814 -8.208024988E-02 1.96486121 2.0364
2.17855353 -1.96509113 5.848785066E-03 2.933890
2.65370932 0.446214481 -1.04512825 2.88679296
2.03517376 2.47582763 -0.273925938 3.21662713
1.07896493 0.712763842 1.5877757 2.0477376
0.448408697 -1.94798084 2.17432147 2.95353577
1.50890027 0.392454234 2.55138335 2.99004304
0.106491912 0.6338807 1.76668706 1.87998097
3.09015222 -1.13278464 1.08186495 3.46448749
2.45340975 -0.421803687 7.366102421E-02 2.4904946
1.31420742 2.70536776 -0.341849532 3.02704757
1.3732861 1.40564729 2.23945545 2.97941601
1.07672678 -1.47014419 1.85997456 2.60387593
2.41889131 0.324952505 1.29395922 2.76241919
-0.474695644 0.707368548 2.18335817 2.34366361
3.00644606 -1.44091617 1.31257465 3.5829889
2.65792542 -0.303916351 -0.244509724 2.68639493
1.31971986 2.76613148 -0.857155274 3.18242974
0.188558149 1.01531333 2.68297941 2.87485545
0.658131817 -2.09274383 1.93170523 2.92304624
1.70706495 0.530167766 2.65539421 3.20097907
-0.86520449 0.495292358 1.89724333 2.14322784
2.79793634 -1.58885349 1.53174098 3.56358438
2.40740261 0.13122872 8.371461143E-02 2.41242957
0.94821957 2.96402637 4.489320324E-02 3.1123284
-0.274516676 0.371650921 1.67742426 1.73989539
1.451187 -0.234667909 1.20690826 1.90200954
1.59709758 0.945148338 1.604343 2.45314951
-0.574966391 0.393590068 2.2578051 2.36287607
3.12366466 -2.00890758 -0.638684058 3.7684092
2.572385 -3.542069234E-02 -2.53718764E-02 2.57275
0.746693905 3.60539584 -0.31483952 3.69534232
1.6314608 0.278522046 1.49142246 2.2279093
0.552657861 -2.58536457 2.87848103 3.90834923
1.6248957 1.21627718 3.11247299 3.71579121
-0.382945452 0.519529477 2.32215763 2.41018136
2.28168984 -0.523754636 -5.552788511E-02 2.3416
2.37713647 -0.669124821 -0.548536813 2.52970323
0.974616226 2.98840804 0.883557226 3.26513901
1.17179035 0.436555521 1.90841386 2.281604
0.373207951 -2.03716186 3.42330062 4.00103733
1.28151749 -9.105072035E-02 1.88713289 2.2829471
-0.9585488 0.324494254 2.6806306 2.86529104
3.05765759 -2.13898161 -0.994245072 3.86173996
2.35543958 -0.680270002 -1.05324784 2.66836914
1.33272032 3.15349648 -0.441298312 3.45187308
0.35112641 1.16662916 1.28806091 1.77296765
1.15476015 -0.815088305 2.18128806 2.59920325
1.84627052 1.52863601 2.58740595 3.52705435
-0.579770175 -0.908550646 2.24549416 2.49075124
2.61697653 -1.52575653 1.24541471 3.27529494
2.57031323 2.341871086E-02 3.414319514E-02 2.5706
1.80398466 3.08679484 0.200212653 3.58088651
0.401977143 1.34787071 1.54538051 2.08962724
0.837008377 -1.96050611 1.47582965 2.59272837
1.67975791 0.673181879 2.51891545 3.1015634
-0.254787664 0.903563359 2.1721912 2.3663808
3.07435378 -1.30394942 0.377044224 3.36066921
2.37422105 0.209569603 -0.25933256 2.39751921
1.07538125 2.79460647 -0.910987528 3.12988313
0.815518234 0.735468406 1.83487255 2.13839684
1.43704779 -1.55318624 1.95377732 2.88005897
1.68304522 0.551289451 1.90983009 2.60461364
-0.449679615 0.587861227 1.96060646 2.0956551
2.61550562 -9.554189678E-02 0.5157714 2.6675865
2.48173909 -0.161319611 -0.346340799 2.51097688
2.09507625 2.3152953 -6.715595827E-02 3.12321096
0.153871328 0.736108183 1.73300491 1.88913675
1.74798902 -1.66043773 2.71378601 3.63003493
2.27791796 -0.496706561 1.83098373 2.96447788
-4.627564217E-02 0.831836311 2.23145956 2.38191
3.02432318 -0.753115711 1.37800789 3.40772941
2.16021396 -0.190873654 -0.226669821 2.18044406
1.36128718 3.13438007 -0.354237671 3.43553861
1.81176546 1.27638065 1.89094307 2.91329836
0.639701694 -1.4487487 2.65498514 3.0914458
1.95305715 0.825420243 2.52903847 3.30027066
-0.259469005 1.09017199 2.57020051 2.80387764
3.41867341 -1.37079771 0.857495461 3.78176053
2.36469009 5.382967737E-02 -0.306027825 2.3850177
1.83610006 2.02721003 -0.77792379 2.84359093
0.923065236 1.06023756 1.92945163 2.38724459
0.754014732 -1.79601738 2.59690263 3.24624705
1.40870167 0.779720359 2.21084162 2.73499998
-1.02357817 0.761916616 2.49042393 2.79829243
3.33070732 -1.60737583 1.45367504 3.97371858
2.31195365 0.172120293 -0.906304056 2.48920512
1.02284828 3.14508311 -0.54225717 3.35138915
0.967850612 0.992979826 1.43526327 1.99567642
1.67548351 -1.2229354 1.57732781 2.60591232
1.63616555 0.371449948 2.33278439 2.87348148
-0.112338513 -0.283333739 2.49825299 2.5167769
2.55355143 -0.52745969 0.981636483 2.78611716
2.59732811 5.377098909E-02 -0.480257395 2.6419030
0.542072642 3.06159596 -0.461304496 3.14324902
0.266254475 1.996788 1.70011639 2.63599118
1.55043723 -1.04915897 1.2665251 2.26023804
1.20650768 -0.58246192 1.70292832 2.16676892
-1.28822555 -0.126653546 2.37592363 2.70565691
2.60157763 -1.36353543 1.28420057 3.2057146
2.62729325 -0.541534181 -0.258406087 2.69494022
1.00045912 2.88275149 -0.141425543 3.05469734
0.70018141 0.711216582 1.6904191 1.96305877
1.67502022 -2.10391553 1.23080205 2.95753731
1.55832447 0.109150396 2.35381676 2.82502076
-0.367358989 -0.545441668 2.37368978 2.46310017
3.13081106 -1.88108948 1.48010147 3.94096129
2.68952684 -0.491320294 -1.06684186 2.93480865
1.11868563 2.7526309 -0.742132493 3.06254715
0.92214367 0.160858587 1.6310684 1.88058729
1.61344877 -1.78870739 2.19711165 3.26036665
2.25048468 -0.312658461 1.06622758 2.50983622
-0.507054797 0.767068038 2.23191394 2.41390509
2.18915246 -1.87609489 1.76317328 3.37948228
2.23793209 -0.22113055 -0.348886014 2.2757329
1.14389477 2.95671382 5.432551368E-02 3.17074173
0.234815764 1.48742988 2.05105785 2.54448902
0.689215551 -2.25194768 2.17109377 3.20311326
1.81502264 1.143146649E-02 1.75779824 2.52671575
-0.391472785 0.684928763 2.46007782 2.58347851
3.1196218 -2.23582174 9.465165248E-03 3.8381022
2.24262128 -0.274602372 0.288360036 2.277698
1.08576364 3.04917831 -0.503532577 3.27565506
1.21822454 1.23505018 2.01773453 2.66095333
0.800009736 -1.6767151 1.93867453 2.68511602
1.11053955 -0.34434587 2.83327199 3.06256467
-0.217972625 0.40190934 2.02276137 2.07379043
3.40331107 -1.87765599 1.57361797 4.19337475
2.36160066 0.190131174 -0.174153339 2.37563401
1.28159384 2.50735395 -0.621492887 2.88367127
1.45143372 0.278821453 1.90799426 2.41347122
1.12602184 -1.9728609 2.03630441 3.05067877
2.29651761 0.330020248 1.57999953 2.80700998
0.575239953 0.10206769 2.33784768 2.40974077
3.3050474 -3.21599724 -0.230865852 4.61728011
2.76078811 -8.666994128E-02 -0.494274818 2.806023
1.61995686 2.75539683 -1.104336341E-02 3.1963407
1.45934522 0.630815713 1.61174992 2.26392463
0.93268619 -2.1269353 1.49495961 2.76200317
2.25717948 -0.695109489 1.23927688 2.66717896
-0.479242537 1.43114381 2.85755371 3.23163414
3.08774686 -1.5901792 0.686739497 3.54040417
2.33727723 -0.364903264 -0.548915478 2.42844136
1.11930581 3.336326 -0.440334979 3.54652105
0.967599676 1.96092726 2.16200993 3.07502387
0.313494825 -2.29713569 1.32609489 2.67088731
2.29226568 0.214065129 2.16366984 3.15939441
-0.577741515 0.429600546 2.72851862 2.82190641
2.67716641 -2.13952886 -3.854447754E-02 3.42728
2.19764568 -0.586403074 -0.950361969 2.46509695
1.72941586 3.48988564 -0.823356599 3.98096685
5.272820838E-04 1.33424119 2.11268181 2.49872453
0.488130321 -2.22994427 1.2591815 2.60700225
2.0009495 -0.319803763 1.38598778 2.45500214
-7.667257792E-02 0.971099323 2.65007688 2.82344
3.23504211 -1.27889321 1.3336596 3.72554871
2.2377013 -0.676891456 -0.458889549 2.38245016
1.7465529 3.46230503 -0.434790671 3.90218478
1.51215578 0.535535801 1.78301226 2.39844667
1.09809154 -2.00612086 2.92276179 3.71118073
1.48654654 1.39095302 1.92984471 2.80515089
-6.26233803E-02 -0.590014413 2.31467894 2.38951
2.6798497 -1.40226996 1.20624701 3.25622286
2.40577517 8.81475375E-02 -0.405192286 2.44125069
1.84170629 3.62964353 -0.734298347 4.13586608
1.49889671 0.307494691 0.805156699 1.72902332
0.948186633 -2.04929171 1.70417369 2.82893308
1.23666191 -0.313471445 0.962613496 1.59819328
-0.483983396 1.2116169 2.78429791 3.07482849
1.38067377 -0.920789349 -0.479628496 1.72747115
2.14854914 -0.515399106 0.225951484 2.22102538
1.7924345 3.13909686 -0.480861059 3.64663926
6.377170555E-02 0.637005877 1.36569889 1.5083026
0.283771395 -2.93945472 2.40250097 3.80695826
1.70976632 -0.103943391 1.53782268 2.3019565
-0.187592743 1.46101137 2.61925729 3.00503811
2.28856289 -1.03737588 1.45958099 2.90586398
2.2943581 0.603491356 -0.54417314 2.43401013
1.0267632 3.33446561 -0.324731477 3.50404824
1.60520488 0.51925054 1.72897023 2.41570733
1.24804179 -2.18143893 1.56698321 2.96170905
1.26775418 0.412157304 2.80221481 3.1031407
0.34397894 1.15513975 2.53441612 2.80640952
2.32530831 -1.38476404 0.814138278 2.82620794
2.80790343 -0.139394082 -1.37699165 3.13047255
1.2252778 3.11029595 -0.57011479 3.3912059
1.3148659 0.468275519 1.85143392 2.31861205
1.2731491 -2.51993756 1.80244879 3.34959932
2.84304564 0.435333786 1.23462715 3.12997255
0.136955242 0.216712876 2.06820461 2.08403251
1.36326072 0.292746059 1.34859412 1.939816
1.75920678 3.456353922E-02 -0.577816474 1.8519921
1.66515039 2.80049979 -1.07894795 3.43214999
0.901417511 1.44754149 1.67348227 2.38924105
1.05045225 -1.83876839 2.19503616 3.05003325
1.41423155 0.684494854 2.92492546 3.32020678
-0.153790114 0.921631199 2.87918618 3.02700653
2.1821647 -0.826847464 0.866535051 2.48925742
2.78599733 -0.174020696 -0.551334104 2.84535299
1.19083142 3.55435532 9.438988038E-02 3.74972408
1.71481441 0.317694063 1.96402546 2.62657838
0.834608446 -1.18960894 2.16580021 2.60814708
1.52282963 0.258760778 2.25819594 2.73594885
-0.335729074 1.3720578 2.37842913 2.76625772
3.03556778 -2.68577402 1.21807508 4.23222881
2.12726539 0.273737935 -0.963942757 2.35146255
1.98009907 3.36624511 -0.568871029 3.94664576
1.41468829 1.42552006 2.52794636 3.2286163
0.646817379 -2.65980283 2.09332431 3.4460021
2.28045041 0.272671529 1.66348813 2.83584143
9.738301498E-02 0.73266066 2.35555173 2.4687849
1.83933582 -1.67561998 0.786512167 2.6094942
2.22898718 -0.97818262 -1.22044064 2.72299476
1.59115521 3.34149611 -0.741607389 3.77456656
0.982909477 0.763120116 1.75141179 2.14846611
1.29081691 -2.36493389 1.68905161 3.17993961
1.00471868 7.713550627E-02 1.14261862 1.52347852
-0.830078724 0.803638107 2.78879699 3.01865095
3.23493218 -1.47022741 1.24124606 3.76391374
3.05965314 -0.188414506 -0.692298157 3.1426508
1.95351959 3.68454582 -0.271436876 4.17920981
1.04668262 0.863758369 2.14469668 2.53798087
0.939890242 -0.992984491 2.58454847 2.92391906
1.97297495 0.241447372 1.71538932 2.62554518
0.124307309 2.052780436E-02 2.4079561 2.4112499
2.52902736 -1.48420536 1.96190207 3.52815882
2.58666071 -0.439896602 -7.124747719E-02 2.624766
1.41752123 2.84016174 -0.583022187 3.22735186
1.39398813 0.514227548 1.18029125 1.8975564
1.60013315 -0.791850793 1.30134187 2.20928596
1.40162036 0.194459555 1.91431783 2.38053921
0.393000548 0.501612273 2.0581352 2.15452658
2.98978007 -1.11945627 2.0901825 3.81586558
2.5536812 0.37795862 -0.786136265 2.69854602
1.38637759 3.08895349 -4.587585181E-02 3.3861159
1.72456938 1.44878603 2.64974575 3.47768214
0.777865977 -1.34926124 1.67639525 2.28820506
1.77780632 0.947861984 1.60029854 2.57293471
-0.317533022 -0.343065771 1.9817825 2.03616876
2.65361722 -1.85061253 1.81730858 3.71066862
2.42436367 8.821521317E-02 2.678158623E-02 2.4261
0.882203487 3.40907964 -1.10496177 3.69067033
0.941770253 0.41005305 1.55981026 1.86764096
1.08345874 -2.18217711 1.77224393 3.01274432
1.1364858 0.552608038 1.81770114 2.21382318
0.876032908 0.77628917 2.46645822 2.73010525
2.18621467 -0.23355031 1.31450738 2.56164205
2.66645966 0.17572489 -0.527585925 2.72382695
2.20668301 3.1810753 -0.909379098 3.97689079
1.72024335 0.740460322 1.0137653 2.12961
1.1079645 -1.86511578 2.39214301 3.22933281
1.82362283 0.881605537 2.05377829 2.88458555
-0.367699891 0.472994702 3.00638408 3.06549709
3.17781185 -1.85978463 0.594616942 3.72972604
2.33619102 -2.478287359E-03 -0.644481468 2.423458
1.60355961 2.96028265 -0.333797247 3.38320815
2.00485752 1.22118881 1.5845714 2.83224687
0.173165591 -0.848622329 1.21599513 1.49291337
1.42239949 1.1373753 1.57666117 2.4088801
0.355907607 0.346153535 2.79785698 2.8415658
3.00126796 -1.60039191 1.86287408 3.87803604
2.15753306 -0.116799585 -0.514683435 2.22114612
1.89345854 2.06261212 0.155500113 2.80423506
0.725129465 1.02952334 1.62332327 2.05448521
0.301068641 -2.66123423 2.17593826 3.45072706
1.32964088 0.339720811 1.92398994 2.36328001
3.388096588E-02 0.518479462 2.49143809 2.545040
1.88795709 -1.26933894 2.05002196 3.06238361
2.90503098 8.400494163E-02 -0.916515347 3.0473369
0.721947651 3.70640337 -0.439741484 3.80157953
0.810134548 0.922852426 1.87373695 2.24028229
-0.225206511 -2.60685445 2.60688987 3.69354612
1.35587002 -0.423944562 1.3972608 1.99259887
0.234175922 0.854280292 2.69020401 2.83228367
1.7987895 -2.29112731 0.95443279 3.06526507
2.42950088 0.168254245 -1.08216501 2.66493248
1.44697334 2.91948544 0.115757902 3.26044889
0.636254909 0.127413219 1.6137611 1.73933302
0.326223865 -2.41826264 1.46155529 2.84439098
1.83589762 0.704771179 0.975182815 2.19504078
0.289486674 0.881056088 3.00906805 3.1487383
3.32019486 -1.10199476 1.59388638 3.84428929
2.23141813 -0.108002411 0.343156009 2.26023172
1.34321075 3.35438012 1.542532611E-04 3.61331996
1.43212894 0.990334961 2.80495027 3.30143948
0.351271542 -1.35913848 1.85860267 2.32917431
1.06031629 -0.761732526 1.48146284 1.97464914
-0.529294483 0.670923506 2.48431975 2.62719159
2.74159621 -0.66313285 1.0491696 3.00946039
2.36598486 -0.377935515 -1.17254165 2.66750324
0.833027424 3.55559585 -0.455064108 3.68011955
0.771312425 1.56298094 1.64304511 2.3952932
0.553101155 -2.02124617 2.30833069 3.11765096
0.769211086 1.34685906 1.96018539 2.49960832
-0.384994212 4.329274824E-02 2.46142067 2.49172
2.3580952 -2.22910058 1.4308067 3.54636577
3.01116334 -0.320017098 -0.297018475 3.04265272
1.29631749 3.39715003 -0.494320145 3.66952582
2.46720896 0.796591949 2.34558783 3.49620666
5.195661227E-02 -2.17617197 2.23120087 3.1171591
1.08274372 0.425736103 1.93417171 2.25712325
0.269957363 0.889570054 2.61032279 2.77091987
2.83055042 -2.02700424 1.10320838 3.65209948
2.74017992 -0.427080352 -0.599136839 2.83724313
0.766343255 3.28963395 0.285271805 3.38974239
0.830461499 0.930379683 1.16487069 1.70651586
0.380371062 -2.81870018 1.74284321 3.33575408
0.997599444 0.474346724 2.25726544 2.51305725
-0.10159252 0.426093082 2.53928995 2.57679448
2.47695352 -2.08798828 -0.705087584 3.31543999
2.29769282 -0.205472615 -0.230608666 2.31835969
1.04084773 2.89143822 0.823086184 3.18139118
1.6803006 0.757775129 1.40294913 2.31644113
0.954056469 -1.85760161 1.52568626 2.58623782
1.63294044 0.687077033 1.71088329 2.46286235
-0.430979431 -0.116041473 2.33222269 2.3745466
2.678522 -1.77516745 0.546326713 3.25947426
2.34383412 -6.609378643E-02 -0.876931998 2.503385
1.28853385 3.25785405 -0.650498734 3.56329639
0.877930863 1.31673828 1.80220839 2.39844062
0.711109722 -1.5824071 1.76605432 2.47560843
2.48405597 -0.233781982 1.16245929 2.75254422
0.739082598 0.462796664 2.66328222 2.80240897
2.28340034 -1.65679059 1.71559566 3.30183898
2.27608356 -0.820054636 -0.592929341 2.49090569
2.10244952 3.33163215 -0.549064594 3.97762978
1.67855808 0.802717514 1.72063102 2.53426197
-6.251466955E-02 -2.79020943 1.6624269 3.2485135
1.73566167 -0.195833404 1.90928363 2.58770866
0.23327045 -0.188012099 2.65217335 2.66904236
3.34466754 -2.03823909 1.56134093 4.21651574
2.52884378 -0.301952018 -0.161949947 2.55195095
1.37950127 2.90059378 0.319205177 3.22774844
0.80825608 0.541017583 1.83857341 2.0799832
0.674120257 -1.25952924 1.92835108 2.39987289
1.58940055 0.565569027 2.52954011 3.04049924
-0.319525459 -1.633969071E-02 2.60343387 2.6230
1.2974762 -2.29417619 0.72147911 2.73262163
2.60519766 -0.37051366 -0.317036838 2.6504429
1.29880607 2.37196528 8.835668437E-02 2.70572049
0.767751199 0.9726703 2.76218758 3.02740973
0.237907319 -2.54102923 1.66894878 3.04939657
1.27981044 0.134306464 2.38768259 2.71237555
-0.347754879 0.983059598 2.95918159 3.13753013
2.68114274 -1.79736904 0.529296787 3.27096575
2.21963301 -0.421047918 -0.841602983 2.41088109
1.33488461 3.17656532 -0.261526913 3.45555791
0.884862948 1.89393896 1.80999166 2.76515045
0.510278946 -1.96542532 1.50025644 2.52468823
2.24596548 -0.251058603 0.996268191 2.469806
0.13070622 0.239940651 2.53804145 2.55270641
2.50480616 -1.38526642 0.704305449 2.94772169
2.82772432 -0.349226906 -1.0373081 3.03215969
1.78692942 3.05344733 0.160178424 3.54151303
1.33206097 0.974987515 1.80668086 2.44726027
1.23462641 -1.49672535 2.02573621 2.80501272
1.66725469 0.781871809 1.75481717 2.54370695
-0.313167075 0.853498675 2.91680694 3.05520807
2.78083157 -2.16696349 1.59256707 3.86846544
2.83302608 -0.294236223 -0.10434052 2.8501752
1.29466647 3.05689892 -0.768588415 3.40756811
0.884185271 1.31728038 2.48855069 2.95125325
0.632350297 -2.00995954 1.83826718 2.79625294
1.40676719 0.327217499 2.2154295 2.64465368
-0.679061345 0.246644297 2.59505948 2.69375044
1.71723984 -2.31032589 0.721692003 2.96771928
1.85849594 -1.1320851 -0.259152121 2.19152542
0.834597166 3.16672486 2.728832467E-02 3.2749722
1.69289657 0.496272902 1.39724165 2.25043769
1.81038332 -1.2591224 1.95076339 2.94420698
2.26512957 -0.640624663 1.61574914 2.85514574
-0.255889884 0.70041784 3.20512725 3.29073023
2.38664646 -2.38327945 0.742820031 3.45367686
2.79374963 -1.406694794E-02 -0.565596391 2.850462
1.77451774 3.38893773 0.439312872 3.85055944
1.57315133 0.703920746 2.33269076 2.90030269
0.737708232 -2.110143 2.43358037 3.30442587
1.97276628 -7.503462691E-02 0.852868653 2.150539
-1.02444777 -0.446828115 2.76885901 2.98592177
3.08584806 -1.70528063 1.04021439 3.67593338
2.80737771 -0.79621199 -0.652640728 2.99019449
1.03231167 2.9848032 -0.125507102 3.16077041
1.59230548 2.33187572 1.74680158 3.32030072
0.49010943 -3.20746379 2.1431792 3.88860494
2.04186264 0.279318297 1.49130713 2.54385902
-0.682154596 0.77963307 3.01324733 3.18634933
3.13345374 -1.50909546 -0.106415563 3.4795439
2.06335322 -0.493863736 -0.568425381 2.19645972
1.15542539 3.15587112 -0.724854817 3.43801467
-1.16530821E-02 1.35756194 1.76187609 2.22425664
0.951390324 -2.07418833 1.65419026 2.81846522
2.27560397 -0.345173233 1.31973246 2.65315129
8.345489699E-03 0.519931973 2.5436144 2.5962228
2.5063542 -1.60397945 -1.46377358 3.31620183
2.33219135 -5.972447494E-02 -0.966890576 2.525383
1.63839879 2.37435765 -0.54004399 2.93488881
1.31070476 0.333147863 1.19366713 1.80382252
0.250444943 -1.72477908 1.53437237 2.32204308
1.86747934 0.746254565 1.8024782 2.70061153
-0.155825313 0.990224041 2.46015718 2.65653883
2.14480087 -1.17264034 -5.951428915E-02 2.44515
2.03992341 -0.456401789 -6.823377787E-02 2.091469
1.69793075 2.54593152 -0.283017325 3.07324501
1.16008614 0.876637943 1.74756735 2.27338637
1.47176368 -2.58968785 1.43681445 3.30711464
2.28739255 0.683588688 1.79976879 2.98975348
-0.777147229 0.255820955 2.36807211 2.50542765
2.1652447 -2.11256097 1.25397497 3.27469872
2.433501 -0.397075522 0.15586122 2.47060495
1.82635712 2.65968513 -0.565891489 3.27562795
0.670001512 1.93742319 2.11301258 2.94403343
0.272525397 -1.98467087 2.80747856 3.44893091
1.55273879 0.525212896 2.17360617 2.72239051
0.100804527 -0.54714895 1.3938021 1.50073909
2.0956535 -1.79823564 -0.239722128 2.77180117
2.6999887 -0.612330898 -0.107618332 2.77064429
1.20347106 1.91492591 -0.502005798 2.31674203
1.58635791 1.08802296 2.13103073 2.87082172
0.750533529 -1.90583029 2.51978936 3.24728011
2.22289705 -0.13144205 1.10787422 2.48715371
-0.528858705 0.120117985 2.46880486 2.52767033
1.76053331 -2.47354806 -0.468028938 3.07196494
2.62035909 -0.769647301 -0.563744263 2.78862804
1.44477457 2.96487314 5.213678145E-03 3.29816214
1.09968525 0.950294456 1.80071311 2.31407323
0.926393226 -2.29382728 1.23257104 2.76388845
2.28060278 -0.684147342 1.41753815 2.77103249
-0.721053973 8.287325632E-02 2.90702569 2.99626
1.61233785 -2.32966989 -1.22990739 3.08863519
2.38219642 0.102714036 -0.598500944 2.45837616
1.62923642 3.4714659 -0.656091865 3.89049397
0.922451297 1.78037669 2.27775912 3.03460774
0.749902844 -1.72345573 2.03075498 2.76705976
2.76017568 0.347821158 2.01685247 3.43616694
-0.376484051 0.579595284 3.12630742 3.20179154
2.23417916 -1.38144326 -1.43710757 2.99419775
2.53956978 -0.435268322 -9.577005917E-02 2.578380
0.616536899 2.32812168 0.187598728 2.41567001
2.03250206 1.17261761 1.6471838 2.8669341
1.03791957 -1.35724662 2.4127732 2.95649622
2.69156887 0.984708035 1.16315323 3.09307587
-0.518156551 0.258904439 2.73681826 2.79744382
0.337116876 -1.1362025 -3.02891736 3.2525289
2.60462753 0.298249234 -0.100192056 2.62356163
1.67962567 3.08942205 -1.13842939 3.69617268
0.90971314 1.62741506 1.73522342 2.54697037
1.4407323 -2.06379508 1.93712636 3.17606961
2.73591196 -0.667604414 1.53247098 3.20614678
0.20179795 1.05387764 2.67511377 2.88229322
2.90466394 -1.96917969 0.87528884 3.61674879
2.35394321 -0.324190266 -1.763863488E-02 2.376227
1.44012581 3.239908 -0.842947073 3.6443828
0.447097264 1.57850593 1.5293073 2.2428459
0.551893477 -1.9414396 1.97847975 2.82633265
2.10518318 1.531370295E-02 1.96798018 2.88183566
-0.525538572 6.391712534E-02 2.65330244 2.70560
1.36158908 -1.51380629 -1.95698051 2.82405861
2.51500265 -0.755574703 -0.385582681 2.65420524
1.64654818 3.40553288 -0.110953133 3.78432103
0.762522239 0.935918439 2.12625083 2.44506157
0.925650419 -1.67380337 1.78296362 2.61484334
1.43179409 0.120362633 1.86245017 2.35228445
-0.591726906 1.07264698 2.36820038 2.6662868
3.24242385 -2.23866698 0.912659682 4.04448884
3.07115033 -0.157109701 -0.441431567 3.10668789
1.2866974 3.32186074 -0.113406215 3.56415628
0.851504285 0.797862903 1.99949937 2.31509017
1.16471092 -1.55430347 2.2295123 2.95687942
2.39227462 -0.58469531 1.48701238 2.87681286
-0.284457126 -0.114662776 1.70927815 1.7365757
2.07260045 -1.01500569 3.0736339 3.84358355
2.05849271 -4.006650132E-02 -0.610184688 2.14739
1.39929348 3.03313357 -0.197794204 3.34619844
1.20314074 1.08044047 1.55504642 2.24345016
1.31812086 -0.845226731 2.48411054 2.93643593
1.58016072 0.118401675 1.70725075 2.3292986
0.598151196 0.895141991 1.92357135 2.20435723
2.34289682 -2.00897644 1.16456396 3.29869081
2.1139328 -7.730214582E-03 -0.636597648 2.207720
1.21224627 2.49147736 -0.431788536 2.80418291
1.66795951 0.969466349 1.14093123 2.24135628
0.455785362 -1.76722097 2.83034039 3.36773469
2.54971481 0.111216865 0.852152916 2.69064665
-0.786285097 0.574993459 2.62551104 2.80038746
2.54625872 -1.51230037 1.50955681 3.32404086
2.47102157 -0.727422493 -0.797747025 2.6965703
1.64792588 2.84385929 -0.528166949 3.32898719
1.56503864 0.483374074 0.568042571 1.73368648
1.28540213 -1.92139749 2.67239534 3.53351437
1.80857387 0.439474772 0.881345872 2.05933195
-0.358750757 0.567228376 2.65589975 2.73938928
1.76666666 -1.14027939 2.33677422 3.1435429
2.16801706 8.723648021E-04 -0.494066096 2.223600
1.6310502 2.37309831 -0.597010846 2.94080641
0.474828144 1.28649197 1.76615871 2.23603219
1.33827699 -1.45687202 2.40477009 3.11390118
1.78722472 0.412859431 1.8132337 2.57923274
-0.386430886 0.335571623 2.46030956 2.51297837
2.92494537 -1.74452898 1.60686095 3.76572555
2.45297296 0.105456074 0.250340529 2.46796834
2.10491791 2.4411414 -0.716399118 3.30198099
1.32780249 1.58671953 2.2401284 3.049412
1.21138114 -1.04826428 1.98498802 2.55078022
1.51716761 -0.154662438 1.30442179 2.00679701
0.323505325 7.060891091E-02 2.28453272 2.30840
3.30830314 -2.40514972 0.960159404 4.20137132
2.36808521 -0.190181947 -0.586874079 2.44712442
1.27089019 2.57599245 0.794382524 2.98025881
0.511167486 0.847026975 2.42282016 2.61702206
1.18903302 -1.21826761 2.73607683 3.22243571
0.927072502 -0.204946791 1.49326397 1.76954907
0.382318463 -0.316911077 2.31995923 2.37251151
2.35562305 -1.10506144 1.41523991 2.96192922
2.62290998 -0.228174993 -0.578205658 2.69555976
2.05220107 3.1024186 -0.180141265 3.72410811
1.28304077 1.12480156 1.7337739 2.43255916
1.02920483 -1.32046799 1.84762467 2.4933141
1.84301684 0.139963116 1.26825845 2.24160216
-0.600072321 -0.187880071 2.40552157 2.4863466
2.43165213 -0.310655206 1.49315485 2.87035715
2.47571527 -0.421442101 2.24795792E-02 2.5114308
1.86757775 2.39375351 -0.84330622 3.15104236
1.1519483 0.508176286 2.07089337 2.42359802
0.831071564 -1.33263863 2.95218362 3.34394883
1.66104157 8.241517988E-02 1.23518412 2.0716011
-7.205925637E-02 0.213345691 3.0134024 3.02180
1.33703657 -1.2619276 -1.2683089 2.23354774
2.13962663 -0.489242807 -0.549390102 2.26256273
1.52437929 2.63104619 -0.234791048 3.04979722
0.470980893 2.47580489 2.59224137 3.6154043
1.24657363 -2.17525252 2.16734155 3.3140668
2.06027769 -0.40702937 1.44342183 2.54830996
-1.450403732E-02 0.990171253 2.69943948 2.8753
2.57450397 -2.14722938 -0.902866108 3.47186289
2.42435861 0.427481847 5.853663541E-02 2.4624544
1.74423231 3.13799602 0.558235553 3.63331698
0.457504344 0.769235076 1.62795111 1.85775608
1.10075567 -1.76703528 2.49225211 3.24736775
2.12889941 -0.810111802 -5.161018831E-02 2.2784
-0.450452771 0.366081011 2.21419774 2.28901608
2.53063094 -1.58653068 -1.46850612 3.32831531
2.55967457 -0.338136708 6.052585311E-03 2.581919
1.49097778 3.94323333 -1.06492211 4.34812177
1.30014283 0.79193727 1.54398544 2.16827744
-0.106623989 -2.25673067 0.558665145 2.32729644
1.79571628 -0.64764619 1.82685359 2.64224083
0.216764853 0.294762267 2.67450996 2.69942129
2.90824144 -0.649456831 0.549889528 3.03018826
2.30310394 -0.718623719 -0.701265953 2.51246527
1.85973391 2.94994665 -0.313516247 3.50129803
0.804706796 1.41227115 2.16813064 2.70976997
1.22646155 -1.46429218 1.78979004 2.61757673
1.9306636 -0.566488918 1.25316775 2.37040103
-1.00741604 1.14047693 2.78019928 3.16939785
1.4378785 -1.5413166 -2.15221021 3.01250066
2.70331669 3.001105982E-02 -0.752726897 2.806317
0.917832278 2.78440762 -0.283129624 2.94542089
1.4777401 1.26659662 1.25536551 2.31601498
1.11095714 -1.35665999 2.70011327 3.2195285
1.64451068 0.101179479 1.39753744 2.16050076
-0.487918757 0.213839123 2.54107637 2.59631682
2.23734142 -0.765480387 -2.40134723 3.3701818
2.68731883 -0.675485998 -0.204353783 2.77843919
1.33167703 3.13031556 -0.329680739 3.41773735
1.46957868 0.290028827 1.66842163 2.24218843
0.590310784 -0.590632623 1.93739838 2.10969813
1.21369926 -2.078103616E-02 1.71514051 2.101238
-0.163965035 0.162688651 2.48607752 2.49678464
2.25045898 -1.86400802 -1.13490858 3.134822
2.33016953 -2.245040179E-02 -0.812933662 2.46800
2.37281505 2.96629534 -0.661892999 3.85580882
0.965108094 0.850306106 1.67516021 2.112017
0.699506632 -1.96356084 1.548193 2.59649422
2.60662219 0.419344664 1.50140942 3.03719598
-0.257783146 0.53762514 2.63094273 2.69765687
2.89956409 -1.11196884 -0.684541765 3.18002265
2.46760301 0.282260149 -1.28421641 2.79605922
1.43098792 3.69999128 -1.784298481E-02 3.967112
-0.171664366 1.00052812 1.80151128 2.0678414
0.951557685 -2.53150354 1.54197626 3.11314359
2.3365209 7.353938207E-02 1.4130302 2.73155493
-0.319543966 0.634910557 2.81080423 2.8992827
2.47560047 -1.70518149 -0.686039054 3.0833247
2.35084766 -0.752530633 -0.626491698 2.54662108
1.74899458 2.16544399 -1.33523959 3.08723088
0.851739031 1.24281288 1.7479504 2.30767715
1.16668293 -1.60366516 2.22426245 2.97997222
2.09415706 0.24521129 1.65020651 2.67746221
-0.35800586 1.46492728 2.9131477 3.28033682
2.63350989 -2.38141788 -0.181613014 3.55520867
2.45860769 -0.507874203 0.19882139 2.51837605
1.41628563 3.31565071 -1.8524438 4.05351115
1.21557398 1.09330115 1.54414288 2.2488452
0.692918813 -1.07311304 1.80002182 2.20721241
2.13780948 0.384207598 1.70873985 2.76362746
5.15844153E-02 -0.708322732 3.07071515 3.15177
2.10273205 -1.45264853 -1.39198994 2.91020718
1.85354022 -0.401223767 -0.414868448 1.94131597
2.46124884 3.0865502 -1.02069851 4.07754379
0.851259161 1.26251033 2.51155613 2.93708847
0.32407782 -1.28248487 1.87536814 2.29495088
2.44742866 -0.564017513 1.19591777 2.7817696
0.439289367 1.23238057 2.15056392 2.51727277
2.44555439 -1.67608714 -1.16438121 3.18524536
2.26946811 -0.183812812 0.39385833 2.31071353
1.93004124 2.85905127 -0.712063972 3.52225332
-0.308466934 1.28351194 1.21651013 1.79511883
1.1196539 -1.68171595 2.35376781 3.1019375
1.36947112 -4.156734564E-02 1.1984135 1.8202675
-0.588628898 0.677745352 3.08570943 3.21363119
3.09562333 -1.6065381 1.86693056 3.95591686
2.1048636 -0.560024278 -9.121208839E-02 2.179999
1.69215461 3.71763097 -0.480489365 4.11278948
0.542519915 2.56214059 2.39515781 3.54903835
0.868721716 -0.716421479 2.74932105 2.97097684
0.945478955 -0.181482698 0.885732956 1.30820079
-0.393236599 9.044045929E-02 2.79432274 2.8233
1.15611046 -1.62356634 1.27882937 2.36811394
2.38310914 -2.881901152E-02 -0.178788312 2.38998
1.67936522 3.7284349 -0.636802641 4.13847942
0.805002535 1.6976367 1.99825037 2.7428095
1.000189462E-02 -1.62491913 2.15517438 2.699118
1.69740455 -0.96255355 0.641119155 2.05395359
-0.130329753 0.886873929 2.61876598 2.76793541
2.72744051 -3.35412798 0.889675222 4.41368647
2.35053556 -8.246318957E-02 0.132997081 2.355738
2.39135656 2.30434179 -0.648327868 3.38362325
0.294465569 1.38782634 2.33316795 2.73064911
1.26034718 -1.80176975 2.23271637 3.13366744
1.46556418 0.570587651 1.06229132 1.89787025
-0.25394736 0.73588082 2.34688147 2.47262259
2.12159088 -1.09696449 0.243901366 2.40082628
2.54096826 -0.617754506 -0.252514086 2.62714745
2.3752776 2.93165878 -1.11807772 3.93530999
0.791727853 1.8097781 1.67609767 2.59064339
0.641654037 -1.72329622 2.17107899 2.8451808
2.32388262 -0.295771473 1.60092907 2.83740816
-0.336575791 0.360939474 2.36348189 2.41445795
3.12751032 -1.90653538 -0.51762014 3.69920648
2.35183 -0.344525586 8.889868891E-02 2.37859311
1.87332618 3.31970996 -1.05116392 3.9540828
1.94756654 1.78770198 1.70498377 3.14576913
1.45578299 -1.34652303 1.86996716 2.72565691
1.59235738 -0.671781671 0.257357053 1.74731946
-2.520686576E-02 1.09812735 3.01793314 3.21161
3.02347123 -2.29826982 -0.107286782 3.79933322
2.34036925 -4.512436692E-02 -0.551886197 2.40498
1.90323256 2.4628401 -0.975867353 3.26193081
0.105165848 1.62565701 1.27175555 2.06668399
1.12009155 -1.63487751 1.51477484 2.49438818
1.87732621 -0.687391095 1.30365258 2.38670699
9.13711331E-02 1.25555004 2.81579092 3.0843853
5.870794547E-02 -0.947130183 -2.0271263 2.2382
2.93584209 4.42371459E-02 -0.537429279 2.9849549
1.00129681 3.33447903 -0.664474644 3.54441423
0.380028325 0.990461081 2.5581777 2.76942374
0.572783007 -1.98623771 2.16575319 2.99394514
2.02448256 8.366321933E-02 1.52236917 2.5343908
-0.62702906 0.820986831 2.56135124 2.76183001
2.2049778 -1.26776212 -0.410228627 2.57632207
2.56087909 0.181374965 -0.968696097 2.74396989
2.01800687 2.72770214 -0.403443465 3.41693976
0.133872104 0.874326237 2.13502225 2.31099288
0.602294877 -2.21225001 1.81296662 2.9229535
2.71398824 7.573795552E-02 1.09409122 2.9272007
8.538125428E-02 0.354185594 2.29279725 2.32156
1.49727854 -1.15334428 -2.5447153 3.16979842
2.70547187 0.427145373 3.034332749E-02 2.7391516
1.99568119 3.10615318 -1.80130979 4.10799805
1.97575679 0.477700682 2.16906696 2.97265274
1.45303252 -1.7957519 2.34605777 3.29241788
2.34420687 -0.582213769 1.67794459 2.94105028
-0.324599974 0.551704976 2.26931226 2.35786379
2.42806689 -1.60719866 -0.395302361 2.93851329
2.8046999 -0.574974366 -0.58139597 2.92146509
1.84429964 3.28163924 -1.54213508 4.06801891
0.482479165 0.787516633 1.91760092 2.12841769
0.933179406 -1.73286059 1.94619313 2.76790487
3.5411153 -0.460845351 0.896190666 3.68171614
-0.207501889 1.29900346 2.59801751 2.91207177
2.22799428 0.390566493 0.937728294 2.44863943
1.86119012 -0.463423114 -0.446341099 1.96926636
1.55770837 3.44408751 -1.71888111 4.15243861
0.178077462 0.944971489 1.24786739 1.57539066
1.2930024 -1.52271988 1.69384378 2.61909102
2.08668644 -0.222566476 0.58059963 2.17735896
-0.132895119 0.634716325 2.32002477 2.40895015
2.69418191 -1.7553249 -0.210659028 3.22244611
2.48654271 -0.247752786 -0.528266706 2.55408336
1.28838263 3.18250541 -0.855014627 3.53826518
1.32281243 0.133345775 2.00495352 2.40571246
-0.241472749 -2.59578955 1.4798865 2.99774857
2.83308306 -0.434578128 1.59334161 3.27932238
-1.377834468E-02 -0.235975877 2.52352488 2.534
1.93212283 -1.51337005 1.48001664 2.86597921
2.48612516 3.105266785E-02 -0.264281528 2.500325
2.29261479 1.87210525 -1.17798993 3.18567433
0.37242627 1.7932164 1.672664 2.48034902
1.02789022 -0.8278042 2.92928163 3.21286616
1.78642037 -0.272501496 1.23401726 2.18823066
-0.424557661 0.952397644 2.28241297 2.50932649
2.70642193 -0.753344097 1.28238474 3.08816412
2.59118565 -0.125004248 -0.226841503 2.60409797
2.40514559 2.40829156 -0.38233834 3.42502207
0.53628859 0.91210701 2.49357366 2.70877357
1.31213299 -1.96921306 2.68293315 3.5773766
2.70281524 -0.311324905 0.768591297 2.82716572
-0.697963607 1.07896722 3.04465793 3.30473378
3.31822708 -3.09117721 1.01988109 4.64824321
2.35659216 -0.487455798 -0.44756773 2.44774521
2.222647 3.00208438 -0.7737242 3.81461918
1.58482882 1.41905142 1.82178794 2.80076786
1.69099497 -0.59673051 2.59722572 3.15612622
2.24882599 -0.477556033 1.02362632 2.51656292
-0.550964729 1.32523734 1.96830882 2.43599174
2.09496574 -1.98393595 -0.169803401 2.89027966
2.70736632 -0.624077436 -0.276753148 2.79211342
1.09534059 2.47654264 -0.436169617 2.74285953
0.512726304 0.724192149 1.34296936 1.60963015
1.41435676 -0.437052003 2.68273674 3.06406526
2.72647475 0.622220849 1.71365008 3.2798506
-0.232851639 0.5493663 2.41160589 2.4843241
1.54411077 -1.25048429 -2.34635537 3.07463372
2.10830566 -0.320794823 -0.250475852 2.14723083
1.73667615 3.33356815 -0.891919856 3.86319061
1.35561153 1.5534853 1.37265203 2.47692809
1.22366121 -1.7049143 1.62538065 2.65441929
1.66761924 -0.195506908 1.25271376 2.09486722
-1.01113988 0.162625223 2.02077932 2.26548006
1.99812131 -1.68031813 0.23351747 2.62116161
2.43308661 3.818131744E-02 -0.896018928 2.593109
2.32827532 3.00335591 -0.709187009 3.8657417
1.03521298 0.296839317 1.59517965 1.92467597
1.42664182 -0.73424386 2.4520624 2.93036361
2.21172722 -0.985096847 0.651402918 2.50728515
-0.376405404 0.597427656 2.29699857 2.40308203
2.28173067 -1.24597382 1.21299675 2.86881625
2.44462292 7.19367503E-02 -0.991712886 2.6391003
1.57769521 3.10833476 -1.00756047 3.62850455
0.893602973 1.3519211 1.60768697 2.28273396
0.689924325 -1.42852038 1.79675698 2.39687331
2.43166677 -0.776587976 1.11399246 2.78515195
0.782106449 0.337837641 3.33419188 3.44131665
2.52707679 -0.815153985 1.58437623 3.09206099
2.77582418 -0.434860863 -0.164273748 2.81447859
1.22084232 3.2331303 -1.09497712 3.62526722
1.96953118 1.06988089 0.808506187 2.38272542
0.906731991 -0.96687886 2.54382682 2.8684617
2.70448926 -0.373616438 0.692312471 2.81658445
0.114504331 5.453027588E-02 1.70610904 1.71081
2.57162528 -1.4104951 0.30201623 2.94855334
2.30332598 -0.353573856 -0.708124457 2.43552156
2.31883141 2.89599081 -1.709701695E-03 3.709952
1.39901852 0.964323632 1.91171979 2.55770316
-9.429703089E-05 -1.08181912 3.27040381 3.44468
1.4506631 0.192708651 1.26408835 1.93377336
8.721023264E-02 0.731072386 3.17634141 3.26055
2.45657384 -1.84354923 1.21155663 3.30171141
1.77074105 -9.844304395E-02 -1.074535 2.07360565
1.77747054 3.31566887 -0.889973732 3.86589121
0.915404324 7.239288086E-02 1.12161185 1.449558
0.857776195 -1.69443898 1.15263428 2.2215916
1.81922147 -0.221003352 1.543791 2.39618445
0.144882392 0.266764244 2.54549227 2.56352979
2.32333866 -1.04480884 -0.238548015 2.55859985
2.16626045 -0.516126998 -0.207177906 2.23651383
2.14552907 2.56251427 -1.07960598 3.51216791
0.537061678 0.580714306 1.6059999 1.79022346
0.600970526 -0.617539979 1.94479479 2.1271455
2.56586028 4.488306701E-02 1.2577687 2.85790755
5.009934975E-02 0.208157379 1.79868261 1.81138
2.31811139 -2.29191229 -0.53221891 3.30299249
1.88285292 -5.224784761E-02 -0.676264065 2.00129
1.677568 3.07408224 -0.403005547 3.52514248
0.564471694 0.569257594 1.90561159 2.06737467
1.35463135 -0.883444978 2.49984222 2.97736667
2.40821782 -0.274239615 0.747685203 2.53648449
-0.1089155 -0.188082404 2.26857915 2.27896664
2.66875818 -1.77795547 0.444691662 3.23745989
2.41519389 -0.516956942 -0.834238226 2.60698282
1.34920381 3.63509272 -0.3272175 3.89118507
1.48777834 1.01985585 1.74505233 2.50974062
1.38337428 -1.27994779 2.11715308 2.834489
2.9916299 1.1401496 1.89685137 3.72126802
-7.109451295E-02 1.06215243 2.67680763 2.88071
0.552978219 -2.32804892 -1.35585285 2.75026065
1.95196151 -0.402685034 6.790251979E-02 1.994221
1.26169893 3.08040443 -0.835421184 3.43201169
1.95794228 1.3482053 1.7320892 2.94131408
1.32450902 -1.64715348 2.04497748 2.94098141
2.24193653 -0.697170351 0.40789228 2.38300273
-0.479767454 -0.194497194 2.60255771 2.6535471
2.41430738 -1.41376511 0.930963789 2.94861078
2.32249079 -0.573551889 -0.382031906 2.42257583
1.77574232 2.67715955 -1.08982702 3.39236893
1.26067477 1.78604394 1.12720243 2.45964208
1.09365974 -0.64363713 2.9982181 3.25571377
1.56896642 -0.579245259 1.5633413 2.28937038
0.112361584 0.529717419 2.82087056 2.8723747
2.36047227 -2.26379137 0.113754577 3.27254042
2.51120194 -0.266746689 -0.540670424 2.58255948
2.0217927 3.70937393 -1.04906692 4.35288894
1.28746703 0.89175388 1.2065006 1.9769775
1.11274564 -1.09611315 2.25234229 2.74093281
2.15681502 -0.976217348 0.848099844 2.51478124
-0.964975184 0.1491221 2.37971851 2.5722509
2.74793955 -2.25244122 0.407442709 3.57640501
2.26696346 -0.690755539 -0.272777798 2.38551342
2.4336755 2.62460932 -0.378848384 3.59928835
0.823596178 0.639128308 1.49775611 1.82484767
1.51725379 -0.796482554 1.64544683 2.37569753
2.71513183 -1.19402014 0.727054287 3.05388816
-0.80133082 -3.890839072E-02 3.09592004 3.1981
2.09334635 -2.0582592 1.37162862 3.24035414
2.91186346 -0.57829682 -0.888251248 3.09876851
1.27539536 2.60928369 -0.285645526 2.91831939
0.877250277 1.41600966 3.21821197 3.62374664
0.392643932 -1.61791613 2.48810265 2.99373958
2.36106928 -0.530256449 1.61576749 2.9097293
-0.291372778 0.992232826 2.70440937 2.89538497
3.11240507 -2.19161612 0.686523587 3.86801774
2.55471564 -0.485846205 -0.282130827 2.61576305
1.10148674 2.69585516 -0.943852491 3.06133396
0.652792693 -0.670903205 2.23892515 2.42673345
1.02674645 -1.29863389 2.86825623 3.31172947
2.35504781 -0.21664236 0.31228935 2.38552065
0.194285604 1.14151056 2.49250369 2.74833912
3.14776888 -1.87755476 -2.35610434 4.35716519
2.74760452 -0.174419148 -1.30260942 3.04574194
1.24575811 2.60829784 -0.685804072 2.97076727
1.1182899 0.94647735 2.67034162 3.04583586
1.18057606 -0.984813026 1.99141329 2.51581864
2.44157848 -0.766106109 0.379797526 2.5869809
-0.206460896 0.480406397 2.69740376 2.74761778
1.57977284 -0.688104419 -2.08753015 2.70683432
2.03048865 -0.305081553 -0.662626599 2.15755253
1.40292168 2.67180119 -0.936583226 3.15973084
0.661861826 -0.15730481 1.30783205 1.4741881
0.757419921 -1.16112158 2.7956442 3.12049912
2.39786467 0.52191095 1.02252586 2.6585156
-0.714652939 0.515094163 2.25002067 2.41632859
2.80102085 -2.26203953 -1.65292406 3.96165352
2.39113689 6.916128731E-02 -0.185840619 2.399344
1.32390632 3.49648949 -1.15007486 3.91162867
0.928815303 1.36072499 2.00274327 2.59330888
0.601539984 -0.946938571 1.56413779 1.92485585
3.27461019 1.20240191 1.00199615 3.62944053
-7.224821689E-02 1.71391891 2.49693589 3.02942
2.60428221 -1.4030005 0.269233957 2.97038435
2.65942171 -0.344223572 -0.191870576 2.68846202
0.99058545 3.38374349 -0.986021312 3.66104051
1.28313776 9.063432852E-02 2.28262351 2.6201196
0.793459266 -0.702067791 2.04253319 2.30096037
2.46010026 0.176035681 1.29871387 2.78742526
0.180498283 1.66135389 2.40508828 2.92867308
2.71174189 -1.40720613 -2.40109369 3.88574627
2.69310851 -0.419503399 -0.591039459 2.78893245
1.83930625 3.07287175 -1.17344234 3.76862776
0.594174302 1.91916383 1.51180003 2.51431348
1.17428252 -1.67500684 1.67642141 2.64480171
2.42130537 -0.340500349 -3.074990557E-02 2.4453
0.115654974 1.35809217 3.1894429 3.46847754
4.02754491 -2.15465972 -1.50256447 4.80846924
2.26432179 0.32065668 -0.188278853 2.29465091
1.09852488 3.04809737 -1.30475114 3.49285414
0.99970027 1.30850553 2.46419998 2.96375925
0.930157606 -2.45609974 2.71321246 3.77612777
3.00620288 -8.736931765E-02 0.142618213 3.01085
5.093540313E-03 0.534496362 2.40362254 2.46233
1.77842116 -1.28986214 2.30733239 3.18595495
2.51949042 0.372989961 -2.353907772E-02 2.547058
1.78113182 3.5606564 -1.79308326 4.36644616
0.391827375 8.08121047E-02 1.40225746 1.4582130
0.759108289 -2.27624246 2.28646978 3.31443346
2.81527482 0.661420746 0.630060468 2.95976788
-0.501054815 -1.306454543E-02 2.41094514 2.462
2.47255172 -1.81898902 2.05422322 3.69351677
2.40470258 0.275460798 -8.762479767E-02 2.422013
1.36606421 2.56619165 -0.479090672 2.94635349
0.881456059 -3.845640847E-02 1.18902914 1.48061
0.285999923 -0.663509789 1.95765101 2.08672918
2.54485332 0.451726683 1.12871874 2.8203442
2.19675885E-02 0.7492209 2.79394216 2.892737
1.89343726 -1.38206307 -0.31729505 2.36556106
2.40881725 0.139354734 4.41459656E-02 2.41324867
1.64716953 3.14774713 -0.787145317 3.6388291
0.968575983 0.663539996 2.24380205 2.53240447
0.608202774 -1.55038412 1.83782178 2.48015935
3.17250872 0.370355825 -0.104360194 3.19575751
6.361034575E-02 0.917540682 2.7771616 2.925500
2.13085945 -1.70567306 0.914480937 2.87856873
2.42200838 -0.5032605 -0.558282077 2.53595635
1.61520749 3.08899195 -0.457266806 3.51565917
0.863763448 1.1937803 2.30790293 2.73817724
1.34200499 -1.76399917 1.60822475 2.73844067
2.85697761 0.78612526 0.967130764 3.11699469
-0.785364559 0.474805139 2.58337992 2.74154869
2.93878219 -2.56968654 0.782547428 3.98147085
1.87327336 -0.110503069 0.209504502 1.88818859
1.48339822 2.8798797 -0.915438729 3.36633412
1.42666551 0.629966288 2.26111514 2.74679334
0.951258868 -1.86424244 1.50669742 2.57884285
2.73690447 -0.713971981 0.877821497 2.96158279
-7.481736299E-02 0.866388189 1.93452716 2.1209
3.11404758 -1.31169669 0.380911581 3.40043147
2.04652927 -0.123622204 -1.03629846 2.29727643
1.91267671 3.22173178 -0.958180201 3.86729843
1.59313555 0.702435136 2.25085066 2.84566771
0.640050779 -2.13616746 1.58976151 2.7386526
2.44144437 7.289438261E-02 1.08498212 2.6726672
0.818425929 0.394983839 1.89556422 2.10214104
2.82994684 -2.34896525 1.40225258 3.93605756
2.34492529 -0.398049014 -0.831230214 2.51953593
1.76262864 3.18626127 -0.709814095 3.70984591
1.40031619 1.3931805 1.93208048 2.76310918
1.1186133 -0.78556038 1.71304973 2.19156114
1.52710252 1.23145617 1.97226914 2.78179295
7.924314862E-02 1.06300442 2.5299422 2.7453352
2.39134982 -2.86108105 0.875947745 3.8303555
2.17875504 -0.299592161 -0.513851819 2.25848903
1.4253319 3.06948299 -0.77757776 3.47245216
0.562749381 1.17478179 2.30775487 2.65000597
0.90590643 -0.707538704 2.16963187 2.45531667
1.21067091 0.916077321 1.55165388 2.17084119
-0.302702941 1.04828038 2.63341447 2.85050743
2.71477367 -1.67330708 1.46199584 3.50818821
2.41113656 -0.446013858 -0.820915877 2.5858095
1.51891869 3.28543658 -0.852688546 3.71864025
1.18292079 1.09603758 2.23920273 2.75946169
1.67462056 -1.63979315 1.91700469 3.02790069
2.12981602 -0.848210624 1.17090376 2.574217
0.223446218 0.834355557 2.85367687 2.98153468
1.94483071 -2.44516256 0.895253281 3.25002536
1.96100072 -0.678028593 1.048513576E-02 2.074935
1.37817153 3.51633111 -1.08283476 3.92892763
2.05848089 1.20670959 2.17455178 3.22833812
1.32567893 -0.598941216 0.984866036 1.75673456
2.47689788 0.437111662 0.651367855 2.59814738
0.313425538 1.14500091 2.61866095 2.87517788
2.95196174 -2.43011768 0.746992418 3.89583723
2.72844026 -0.21346606 -1.2289552 3.00004748
2.86880364 2.13004579 -7.968132089E-02 3.574000
1.978539 -0.148181811 0.762443506 2.12553394
1.50489946 -1.87043715 2.61684821 3.55121839
2.97331633 -0.531845669 -0.118683232 3.02283899
-0.866147277 0.255805956 2.84987437 2.98955376
2.3334464 -2.19741477 -0.346651136 3.22393716
2.27346255 -3.908175294E-02 -0.527441658 2.33417
1.86706142 2.38719151 -0.743720078 3.1205322
0.819539709 1.15108061 1.91697912 2.38147871
0.685255735 -1.81652201 2.98274472 3.55894559
2.11345748 1.057439 1.58937192 2.84797873
0.693087157 0.831168254 2.45081522 2.67912406
3.44828439 -1.47413544 -0.432522579 3.77502534
2.19542153 -0.803144599 -0.364790219 2.36600694
1.17141576 3.14683542 -1.23643405 3.57820587
1.0113631 0.360110272 1.22248285 1.62696007
1.09510194 -1.60471925 2.33161061 3.03492672
1.59035087 1.35131415 1.4096617 2.51841457
-0.478456044 0.865270268 2.19981617 2.41180513
2.95089863 -1.0044643 0.260644821 3.12804843
2.22766283 -0.701540338 -0.192211873 2.34341331
1.65988356 2.39380389 -0.996478206 3.07871391
2.01146053 1.922821 2.51223471 3.74893815
1.09214511 -1.49061879 2.10465886 2.80077029
1.96172615 1.19876212 1.68567839 2.85077388
-0.188291008 0.76100685 2.66300261 2.77599853
2.14998236 -1.04441536 -0.644456149 2.4755911
2.44652316 -0.14790512 -0.445304318 2.49111369
1.52848482 2.19285653 -0.453131994 2.71112785
1.2294275 -2.234024628E-02 1.49891395 1.9387454
1.77007264 -1.26843231 1.86916037 2.869815
1.98965535 0.451003606 0.739263484 2.16994082
-3.577512524E-02 1.04468133 2.48918962 2.69975
2.72457651 -2.47769471 -1.15566552 3.85977344
2.35036608 -0.759598042 -0.49439182 2.51905402
2.69844672 2.84941369 -0.665366624 3.98038765
1.2699685 1.40184958 1.91994011 2.69521284
0.785170058 -1.78277057 3.10996833 3.66969562
2.48611447 -0.189509731 0.448681562 2.53337605
0.383759287 0.687517189 2.67409894 2.78760761
2.05736875 -1.75776474 -1.17047726 2.94830801
2.14918004 -2.621633175E-02 -0.398731341 2.18601
1.38813077 3.30047276 -1.42533302 3.85377759
1.50713122 0.658877211 0.976213671 1.91273543
1.08953932 -2.75447191 1.55015925 3.34323274
2.09081157 1.46511146 2.08823737 3.29829955
0.319938185 0.328907703 2.20355944 2.25082538
1.95351887 -2.72231029 -0.363726165 3.37038662
2.59724384 -0.291727152 -1.27289814 2.90706896
1.85059321 3.71245309 0.249038061 4.15560142
0.81418106 0.180777852 2.06465965 2.22674446
1.29455564 -1.37045145 2.08556573 2.81133348
2.71544261 1.35581207 1.46825485 3.37159121
-0.636603921 1.18665469 2.79731687 3.10457655
2.34668571 -2.39854705 -1.16353633 3.55158817
2.27183448 -0.740702551 -2.3948527E-02 2.3896538
2.0026863 3.29003001 -0.754066291 3.92475042
1.50942713 0.721675285 1.6115797 2.32300982
1.05972704 -1.6092152 2.27657638 2.98251487
1.6582847 0.438164189 1.06675757 2.01986824
-0.279208755 0.671421661 2.47610524 2.58067079
2.50644789 -2.13507961 0.474133396 3.32650694
2.32532919 6.588224658E-02 -0.484080697 2.376095
2.15697808 2.31831186 -1.13282831 3.36309743
0.215072768 1.04180478 2.21803892 2.45994109
0.670169174 -0.764914504 2.8190106 2.99683862
3.05298503 -0.571395728 0.326139419 3.12307182
-0.535497867 0.102530437 2.68948676 2.7441956
2.34209805 -0.735084856 0.333533701 2.47730049
2.49268255 -0.211492847 -4.666021167E-02 2.50207
2.18911897 3.45569333 -0.462699905 4.11681302
0.970817707 1.68379747 2.69725787 3.32458433
1.56820382 -0.998762412 2.34446802 2.99220987
1.5499772 0.382982843 1.42793666 2.14198699
8.217592663E-02 1.06352631 2.39771902 2.624289
2.0949422 -2.15578446 0.716977626 3.09034729
2.24474322 -0.163661497 -0.516249478 2.30914935
-0.207276205 2.79881312 -0.185335517 2.8125909
0.523269396 1.43128643 2.43923362 2.87615235
1.30811822 -1.19163936 2.0854386 2.73500124
1.59930501 0.963573733 1.39044998 2.32800386
-5.592782662E-02 0.916411732 2.35411156 2.5268
2.47576634 -1.43836562 1.36705585 3.17287824
2.46462917 -0.537099646 -0.695263185 2.61653662
2.10044444 2.81715835 -0.400976516 3.53681074
0.377574598 1.11104169 2.352215 2.62866727
1.29717965 -0.518155999 2.13130934 2.54826219
1.0440762 0.611827042 2.68157303 2.94198255
0.101891858 0.178022462 2.54268136 2.55094148
2.53374354 -1.11200504 1.44557082 3.12187228
2.49053793 -0.241537551 -0.49177046 2.55008975
1.34426218 2.63867586 -0.655146688 3.03296361
1.15005646 1.0529074 2.26620628 2.7508062
0.872608002 -1.52084047 2.55329977 3.09737634
1.81196709 0.830185775 1.72550471 2.63624727
-0.227884052 0.701124003 2.98054394 3.07036614
1.81933419 -1.68597862 2.36909977 3.43003419
2.43355471 -0.215208286 -0.382157687 2.47276114
1.76557015 3.05600261 -0.77754778 3.61399647
0.950924981 0.625299945 1.71543081 2.0586309
0.736426097 -0.874238965 2.7154052 2.9461912
1.91442364 0.218561458 0.767232151 2.07398943
-0.448633287 -0.466261371 1.90309413 2.0100842
1.28103249 -2.37930062 0.962203279 2.86844049
2.36713717 -0.435730943 8.069146482E-02 2.408258
1.45529234 2.7278727 -1.02485162 3.25722061
-0.266166159 1.11894951 1.80796923 2.14281244
0.427566609 -2.03707209 1.61262784 2.6330675
6.290702904E-02 1.88373375 1.94303977 2.7069934
-0.154678867 -0.187147664 2.61510294 2.6263497
2.17593003 -1.7251003 0.307003736 2.79372401
2.43120013 -0.673133666 -0.653064714 2.60582741
0.808365944 3.63541296 -0.901102511 3.83166656
1.84815972 0.816097655 2.49541696 3.21073442
0.930845829 -0.846125052 1.77689328 2.17709699
0.697631374 1.10740218 2.36582378 2.70372914
0.194078375 0.392586178 1.9672074 2.0153648
0.77210042 -2.9160756 -1.25174524 3.26596113
2.85349565 3.367706577E-02 -0.143084895 2.857279
2.2685025 3.41341213 -1.52749219 4.37386767
0.803677045 1.34979102 1.7492997 2.35114484
0.884323679 -1.74054004 1.46028177 2.43801781
0.2414943 0.271430954 2.20816648 2.23785465
-0.428947021 0.704864314 2.57443543 2.70343245
2.83784212 -2.10123824 0.15586762 3.53452186
2.1479722 -0.215552356 -0.581499747 2.2357078
1.82741557 2.59976358 -1.20798037 3.39962276
1.35811911 1.15955147 2.21486816 2.84511654
0.807072002 -1.4225513 2.01395998 2.59442715
2.2339691 1.31461973 2.45257449 3.5684681
3.087919019E-02 0.907932299 2.49909546 2.65909
2.7253717 -1.85315876 0.858529168 3.40571881
1.71977677 0.310862138 -0.708907743 1.88595271
1.57780393 3.49032093 -0.620020201 3.88023588
0.162674127 0.452380368 2.71771393 2.75990578
0.454902538 -1.83390475 1.58140631 2.46393768
1.73039167 1.25921898 1.58742338 2.66454513
-0.438784162 0.842898021 2.63474005 2.80086839
2.17322355 -0.725810168 2.12753188 3.12667442
2.33399453 -0.394875816 -0.491111992 2.41757075
1.22380157 2.79752409 -0.426934516 3.08319711
1.20542174 1.09254631 1.88060379 2.48663822
1.14624091 -1.74531156 2.56188605 3.30503265
-0.139607626 1.18230591 2.39014185 2.67022764
-0.182324728 0.227513734 2.46339638 2.48058996
1.62205662 -0.821447579 3.00975451 3.51631426
2.93312918 5.835718081E-02 -2.762351851E-02 2.93
0.951036014 2.79148473 -0.541462128 2.99833917
0.468402874 1.29657144 2.35373774 2.72774268
0.928643082 -1.50697629 2.42777353 3.00456982
2.07969691 -0.140929016 2.06397679 2.9334281
0.524133357 0.911445326 2.40233539 2.62233935
1.96103424 -1.83424938 2.00784716 3.35284599
2.51849594 -0.127061236 -0.705929658 2.61864527
1.91243146 2.88742301 -0.753674459 3.54438019
0.521279095 1.11584433 1.66633565 2.07207986
0.159121754 -2.55363103 1.4620692 2.94686232
0.832516342 4.4302315E-02 1.74447546 1.93345307
-0.335555017 4.316162766E-02 2.63828715 2.6598
2.63350773 -2.22326108 1.85570095 3.91431716
2.32280556 -0.497956583 -0.144418598 2.37996705
1.34480849 3.19021427 -0.585424443 3.51122468
1.20241934 0.147051302 1.3870405 1.84155306
1.89193206 -0.356654557 1.96702628 2.75241745
0.871715341 -0.851936727 2.07820681 2.40927943
0.524727037 0.420618176 2.33137847 2.42643436
2.60011978 -1.33601932 1.64076585 3.35226537
2.57677962 0.317726392 7.155897768E-02 2.5972801
1.96363477 2.58259095 -1.45555358 3.55587876
-0.192433316 0.361182309 1.55359027 1.6065883
0.910067886 -1.33725362 1.70894507 2.35307544
2.43785287 -1.20732635 -0.412556792 2.75153896
-0.973147038 5.238357824E-02 2.18698596 2.3942
1.7264286 -0.604043799 1.72530605 2.51437976
2.92419456 -0.202469044 -0.701588311 3.01398966
2.02127018 3.0509191 -0.816875122 3.74979006
0.633807697 0.823152698 1.9647305 2.22248926
1.51965162 -1.7877248 1.86289208 2.99594191
2.32850418 -1.06818649 0.685767091 2.65202387
-0.248042256 0.46295107 2.45954854 2.51500053
2.3495282 -2.30676342 0.791450694 3.38641912
2.5028804 -0.102050041 -0.122283777 2.50794295
1.36918451 2.88137752 -2.22334992 3.88848139
0.914221144 1.46405374 1.60586304 2.35755165
1.51123364 -2.29886222 0.655162505 2.82804394
3.042717 0.337406254 0.144839283 3.0647917
0.301401201 0.476331956 2.56784425 2.62898439
2.34916484 -1.22332173 0.574129968 2.71011379
2.40462712 -0.257991198 -0.12410744 2.42160974
2.95807841 2.73906353 -1.14633782 4.19127514
1.20522018 0.848004821 1.38247317 2.0206187
0.970533259 -1.35125409 1.78193658 2.4378516
3.08245649 0.328596184 0.91165233 3.23119536
-0.134796518 5.849300306E-02 2.64949527 2.6535
1.62117373 -1.78337525 0.716562901 2.51437744
2.44706541 0.131341758 -0.343538091 2.4745501
1.832135 3.11140314 -1.33523619 3.84972776
0.899894482 0.642170644 1.54154458 1.89698521
1.30006522 -0.64360225 1.52994784 2.1083486
2.56556974 4.080470943E-02 1.28618593 2.8702068
7.28792149E-03 0.484675884 2.55018604 2.595845
2.32151151 -1.72094732 0.117523036 2.89221144
2.63718803 -0.599313939 -0.190460947 2.71112768
1.07466055 3.1809613 -0.859781352 3.46592471
0.583665391 0.559493641 1.23083435 1.47263425
1.33148073 -1.80265383 0.838235924 2.39270584
2.78560904 -7.371715095E-02 1.00956545 2.963827
0.419862479 0.973983696 2.85887318 3.04927608
2.60788007 -1.25602503 2.17841377 3.62272327
2.33008103 -0.355591688 -0.544545717 2.41914304
1.66665518 2.83549179 -0.707243909 3.36421568
1.18703973 0.816323588 1.72370673 2.24646665
1.18766412 -1.18035056 2.14399459 2.72038349
2.36530505 -0.454303057 1.73045665 2.96572748
-7.660426002E-02 -0.318062258 2.67997878 2.699
2.31089049 -1.75988969 1.33674042 3.19754617
2.94933619 -7.003052806E-02 2.832859513E-03 2.95
1.49681596 3.35929868 -1.45847393 3.95632302
0.972359049 1.75598884 1.74562928 2.66011288
1.13896675 -1.21394738 1.31578114 2.12183729
2.07400976 -0.321228607 0.660864935 2.20032879
-0.444765977 1.73987941 3.02707735 3.51968669
1.74417951 -0.399396582 0.837436875 1.97559619
2.27231403 -0.293273633 3.558428296E-02 2.291437
1.49476033 3.455225 -1.58948304 4.08648316
0.980200518 1.91377551 1.28042805 2.50256384
0.667740839 -1.40326772 2.05021021 2.57262513
2.37364302 -0.278367389 0.969459056 2.57905418
-0.139953186 0.5961794 2.25212381 2.33389769
-7.675587753E-02 -2.33359691 -1.66406844 2.867
