1.000 2.968 0.339
2.000 2.148 0.383
3.000 1.342 0.290
4.000 1.053 0.164
5.000 1.023 0.125
6.000 1.191 0.134
7.000 1.303 0.212
8.000 1.336 0.194
9.000 1.209 0.203
10.000 1.128 0.118
11.000 1.225 0.038
12.000 1.231 0.105
13.000 1.248 0.115
14.000 1.280 0.109
15.000 1.211 0.144
16.000 1.203 0.146
17.000 1.242 0.146
18.000 1.280 0.098
19.000 1.518 0.069
20.000 1.745 0.036
21.000 1.743 0.139
22.000 1.601 0.110
23.000 1.512 0.143
24.000 1.392 0.108
25.000 1.430 0.241
26.000 1.982 0.415
27.000 2.666 0.470
28.000 3.187 0.372
