2.02016712 2.34063282 -2.07551715 3.72389697
-0.409823061 -3.19591041 1.46565627 3.53976646
-0.756655251 1.49471843 3.19437092 3.607037
-0.249305929 -1.20601421 3.47905363 3.69058774
-1.07308936 -2.49571062 2.40143814 3.62587884
-0.441448772 -3.38936114 1.50762967 3.73571856
1.29060944 2.44623344 -2.49381493 3.72408964
-3.18493462 5.867948999E-02 -2.07420193 3.80125841
-0.522246581 -3.59623359 -0.560156318 3.67687539
-2.94466555 1.11926017 1.7688759 3.6128549
0.460439004 1.3572779 -3.36682799 3.65919911
0.227419578 -2.49720283 -2.64855173 3.64726856
0.136389889 2.24888341 -3.00791844 3.75814477
0.409289864 1.04163369 -3.43591398 3.61358877
1.96542247 -3.43901697 0.243785969 3.96852048
-1.56849105 1.59083639 2.96574679 3.71302823
2.76810579 -2.31479587 0.723655138 3.68026716
1.05762831 -3.3500039 -0.180570276 3.51762837
-2.71139272 2.54447814 -0.821300314 3.80795926
-3.49187747 -1.52646983 0.237220137 3.81832316
1.73433263 -3.17965487 -0.7306369 3.69485386
-3.42558682 -1.63184086 -0.37079416 3.81248449
2.21405046 2.17362755 -2.21028436 3.80946625
-0.792058047 -3.33601655 1.62158791 3.79287618
0.570386733 0.212289984 3.48496753 3.53771208
-2.592325495E-03 -1.53121785 3.32061248 3.65665176
-2.21376132 -2.47756232 2.13589334 3.9498221
-1.00888149 -3.05012637 1.70129258 3.63531417
2.1875383 0.159508456 -2.91178472 3.64544332
-2.3071609 -1.02490524 -2.6302389 3.64576176
-0.745511989 -3.42762305 -0.128383509 3.51010971
-1.89285385 0.892680513 2.79822994 3.49426173
0.566518766 0.630230827 -3.56738618 3.66665769
0.10226823 -2.31677053 -2.71188597 3.56822225
-0.529668093 2.26291106 -2.58428962 3.47561039
0.114196812 2.05792368 -2.72266039 3.4148163
1.57134942 -3.31267719 1.15853478 3.84514916
0.107434925 1.59233758 3.14170721 3.52383391
1.88703816 -2.87737686 1.2237845 3.65210338
0.664385467 -3.83437207 0.306933501 3.90359135
-2.52094621 2.64274117 -0.897113375 3.76085936
-2.59059453 -2.26680212 0.483688213 3.47613667
2.49503707 -2.86344192 -0.302151587 3.80996131
-3.25269614 -1.55464791 -0.564426473 3.64904638
1.98460803 1.8410154 -2.34609158 3.58219939
-1.38204297 -2.93049388 1.74243979 3.67884949
0.461451528 0.299837404 3.63696817 3.67836614
-4.914571276E-02 -1.05421823 3.58861364 3.74058007
-0.952927345 -2.46361749 2.73051946 3.79910755
-1.56281681 -3.45395417 0.692482185 3.85379389
2.12215996 0.349693496 -3.11623067 3.78638904
-2.96891886 0.26938216 -2.33038628 3.78387978
-0.559962829 -3.34306043 -0.910686438 3.50983777
-2.02020688 0.638162266 2.96516596 3.64426894
1.24799511 0.345492602 -3.4274433 3.66390836
1.26405148 -2.90263976 -1.74028648 3.6127193
-0.799672682 2.33390062 -2.9132872 3.81756608
0.707169831 1.11150426 -3.62431565 3.85631882
0.643164604 -3.18016425 0.754322194 3.33108201
-0.618377736 1.71389856 3.18863054 3.67249288
2.27681596 -2.68893616 1.12450254 3.69848273
0.715169797 -3.53754402 -0.321226471 3.62337854
-2.17074352 2.81316128 -1.4319412 3.83098675
-2.49606003 -2.81131012 8.906144217E-02 3.7605468
2.03600068 -2.72902742 1.12540567 3.58600437
-2.73213929 -2.37001893 -0.183202362 3.62148284
1.30507721 2.34386352 -2.12837655 3.42445754
-1.25866601 -2.77897843 1.78794822 3.53605996
0.477132276 0.926231963 3.6739526 3.81883341
3.64384073E-02 -1.04878915 3.44898793 3.60510807
-2.13493579 -2.20569173 1.66625148 3.49276693
-1.63705905 -3.02371682 1.08549434 3.6057071
1.85272997 1.93743954 -2.46680952 3.64299733
-3.06805753 0.16027417 -2.21282685 3.78619433
0.890449516 -3.26120411 -1.6014448 3.74071892
-1.55717042 0.766899774 3.26233756 3.69537026
0.105189269 1.52958967 -3.54477901 3.86214546
-5.863331625E-03 -3.29716832 -2.11009432 3.91456911
-0.435426764 2.47948055 -2.57368267 3.60017537
0.57526136 0.476118835 -3.83179679 3.9038803
2.1826274 -2.81753881 0.843897594 3.66258794
0.105724298 1.39193807 3.37595482 3.6531822
1.8641325 -3.08199577 0.906573311 3.71423789
1.52789554 -3.56081082 -0.117407536 3.87654782
-2.36515438 2.84376329 -0.657864709 3.75682457
-2.79454539 -2.20973908 0.132210799 3.56509613
2.27315595 -2.9676467 -0.42751603 3.76257025
-2.99198768 -1.82993755 0.248161114 3.51599853
2.16319173 1.81902571 -2.31263505 3.65192194
-0.52118202 -3.41388709 1.81898284 3.90319796
0.156076757 1.49981348 3.60714287 3.90963938
-8.33897682E-02 -1.16118867 3.63017404 3.8122797
-1.89939073 -2.16499398 2.47120372 3.79496138
-0.866508433 -3.10762476 1.42500396 3.52686898
1.7225849 1.36652383 -2.82775841 3.58202509
-3.20954705 0.795811495 -1.92007987 3.82376973
0.208214968 -3.7962989 -1.0563763 3.94603214
-1.68909355 0.9403778 2.98978206 3.56035731
0.884415414 0.834263041 -3.37943599 3.59148619
0.724424883 -2.56942662 -2.35088999 3.55716577
-0.714552865 2.20759639 -3.2207801 3.96957077
0.939953258 0.714062727 -3.64603215 3.83235543
0.280602194 -3.30105094 1.34833486 3.57682566
-1.30491377 1.00961532 3.43847058 3.81381737
2.43573111 -2.83317613 0.721266196 3.80524611
1.75638591 -3.31234225 -0.461932138 3.77754999
-0.419522477 2.93712879 -2.18847863 3.68675513
-3.23403947 -1.70770981 3.902230425E-02 3.65743173
1.99961 -2.77448803 9.208252379E-02 3.4212137
-2.8626456 -1.94258315 -0.239609994 3.46782094
1.74673102 2.05251274 -2.76749143 3.86301522
-1.04221636 -3.29217129 1.6208572 3.81468017
0.445973432 0.735889712 3.36807395 3.4762549
0.606070236 -1.79059918 3.00595276 3.55096023
-2.17511464 -1.89317963 1.72221661 3.3587621
-1.80192091 -2.9649743 0.80397307 3.56151151
1.85942773 0.494662904 -3.02746019 3.58715459
-3.01395071 0.626684061 -2.02582615 3.68518702
0.263355571 -3.25523981 -1.15602289 3.4644381
-1.99041419 0.978290835 2.69938773 3.49363646
0.672159878 1.24603163 -3.43287787 3.71336023
0.655686481 -3.22021209 -1.26296805 3.52062195
-0.345621045 2.30211037 -3.1086415 3.88366039
0.752303926 1.34731354 -3.1079161 3.46992182
0.774288121 -3.62729074 0.854347517 3.80613582
-1.55409217 -0.11103556 3.51309393 3.84309255
2.32561133 -2.83332107 0.46574935 3.69500999
0.872067788 -3.36686867 -0.521044049 3.51678742
-1.32261022 2.75815517 -2.15181211 3.73992154
-3.1588602 -1.67945845 0.609564415 3.62912486
2.2270764 -3.05885815 -0.325148673 3.79765771
-3.40273815 -1.78089243 0.494150046 3.87225891
1.87695433 1.9492122 -2.17345641 3.4707778
-0.484291037 -3.40073014 1.24759695 3.65458636
0.735554219 0.319246864 3.29214014 3.38838388
-0.322042024 -1.01674879 3.5582731 3.71467315
-1.62770813 -2.17009984 2.51869854 3.70170358
-1.60269846 -3.11520678 0.99710022 3.64243936
1.4207809 1.87186257 -2.60387992 3.50751743
-3.14812756 0.717694511 -2.05326508 3.82644613
-4.462471762E-02 -3.54532686 -1.30197258 3.77709763
-1.66223912 0.459288875 3.22767208 3.65948797
0.368451026 1.17741782 -3.22654339 3.45436696
1.36003642 -2.27852896 -2.01410059 3.33136526
-0.443113225 2.7037255 -2.69825867 3.84539735
0.804463757 1.34689944 -3.18350378 3.54908388
0.796007734 -3.59614546 0.557780387 3.72518583
-1.31718169 1.26036656 2.99762884 3.50845695
1.8768585 -3.07501218 0.745744323 3.67891727
1.18556785 -3.48204466 -0.578171405 3.72350484
-2.02299453 2.8471796 -1.25725753 3.71209308
-2.70165464 -2.07585393 0.376600324 3.42781784
1.885518 -2.66796137 0.700439642 3.34122907
-3.18766098 -1.89699245 -0.185124069 3.71403201
2.27165183 1.68504492 -1.87047425 3.39093679
-0.574719368 -3.25564603 1.1798381 3.51020674
1.4565256 -0.288604909 3.43450183 3.74173255
0.110570341 -1.41176493 3.61194311 3.87961841
-1.93159911 -2.0854544 2.37727681 3.70562279
-0.600708219 -3.4482376 1.7310882 3.90485074
1.99152383 0.903748101 -3.0197708 3.72853101
-3.11407003 -0.286220915 -2.12048817 3.77833623
3.688951738E-02 -3.27936614 -0.934309068 3.41006401
-2.25245894 1.02089838 2.99114235 3.88107425
0.131617137 1.75961935 -3.5260343 3.94290518
0.445956941 -2.55399122 -2.5977291 3.6701424
0.22964801 1.93159728 -3.22853509 3.76924994
6.022557724E-02 1.00102884 -3.63825847 3.77393833
1.00745523 -3.26773806 0.474493227 3.45227778
-0.689569209 0.940561395 3.1990407 3.40499968
2.54716538 -2.54022283 0.655215033 3.6565134
0.404490544 -3.63140057 0.209142107 3.65983922
-0.93277086 3.20198537 -1.49856019 3.65628971
-3.17321455 -2.1919992 0.258608838 3.86536281
2.21112264 -2.69989601 0.569620835 3.53595386
-2.95814627 -1.7556048 -0.210843939 3.44633613
1.74111578 2.00424689 -2.49485933 3.64318718
-1.60614463 -3.11438555 1.65430439 3.87502528
0.640368527 0.9732251 3.80737858 3.98162914
0.900253372 -1.96377305 3.13484015 3.80710959
-3.09891075 -1.50716463 1.68147965 3.83434047
-2.00461298 -3.01008164 0.494665103 3.65017236
2.4114091 0.235967582 -2.8921847 3.77297057
-2.73146455 0.395417771 -2.42419556 3.67341502
-0.613419556 -3.72117276 -0.105597137 3.77287172
-2.39766288 0.822494235 2.57586492 3.61391259
0.625400908 0.638518646 -3.38034737 3.49650979
0.228277823 -2.72574671 -2.27193748 3.55577077
-0.81181381 2.18299789 -2.59774743 3.48895588
0.88649763 0.993934754 -3.38940457 3.64168198
1.66493296 -3.35625861 0.345505977 3.76242581
-0.810725795 1.45380355 3.48221763 3.85961924
2.37481641 -2.7270381 0.83736969 3.71182944
1.31361935 -3.58526825 -0.35804343 3.83509313
-2.85459085 2.57086277 -0.635394407 3.89380924
-3.01803599 -1.82090069 0.183122474 3.52955442
1.91570619 -2.92219763 0.948221838 3.62053778
-3.05070821 -2.23861782 -0.830696303 3.874053
2.49566517 1.87950488 -2.06951457 3.74750234
-0.607937341 -3.39687793 1.16512352 3.64223562
1.6573044 -0.36373251 3.33903653 3.74541375
1.922256627E-02 -1.6080733 3.35024246 3.71623382
-2.84202134 -1.80949157 1.84690109 3.8421854
-1.08384088 -2.99195057 0.805172487 3.28249631
1.87716211 0.793571703 -3.11274785 3.72057694
-3.35707068 0.342637342 -1.91919963 3.88209365
-0.506365381 -3.45174095 -0.613330873 3.54218805
-1.34487237 0.829974563 2.999491 3.39035186
0.877558248 0.512284048 -3.58612063 3.72730527
1.68388325 -2.94611324 -1.57980398 3.74310388
0.483973684 1.66386547 -3.19325579 3.63312006
1.08447669 0.30497753 -3.74755189 3.9132143
2.64232762 -2.52763481 0.525007478 3.69411232
-7.069382294E-02 1.1290763 3.3272833 3.51434561
2.57861703 -2.60906439 0.405029054 3.6906004
1.33016457 -3.5061468 -8.713057378E-02 3.75099919
-0.681702267 2.64355141 -2.22503852 3.52191403
-2.99440822 -1.60016403 0.225318673 3.40261283
2.12304065 -3.1869844 0.660106884 3.88586056
-2.8139171 -1.33089438 -0.177975935 3.11786541
1.48545455 2.23368712 -2.37927401 3.58564892
-1.47694429 -3.11313373 1.72782892 3.85465417
0.387699245 0.846911896 3.56220556 3.68196672
-0.185514347 -1.02661935 3.37142301 3.5291438
-1.86571835 -2.16746555 2.29477387 3.66671502
-1.06574957 -3.15950004 1.19418365 3.54179859
2.33610377 0.213533376 -2.87747617 3.71252561
-2.95647027 0.448153492 -2.31954352 3.78442071
-6.410307174E-02 -3.6057648 -1.45775507 3.8898199
-1.78730802 0.405368578 3.52474877 3.97273804
1.53864779 0.321139987 -3.58860063 3.9177318
5.780182253E-02 -2.82207227 -2.27561434 3.62572111
9.74819193E-02 2.29791845 -2.90018723 3.70148861
0.985172371 1.15920137 -3.37973264 3.70633311
0.809690551 -3.32522381 0.654294123 3.48436694
-0.688685312 1.29789793 3.37388048 3.67993152
1.81215609 -2.81158698 0.622095454 3.4023424
0.745719404 -3.59107734 7.992820379E-03 3.66769652
-1.49000852 3.15665046 -1.31408475 3.72979708
-2.55505706 -2.21310683 2.007787977E-02 3.38031974
2.15430063 -2.76266462 0.538518976 3.54447877
-3.06496774 -1.80759221 0.549939097 3.60053467
1.71940587 2.15921585 -2.54105359 3.751736
-0.880621106 -3.28600746 1.51794327 3.72525037
6.143415647E-02 1.34893053 3.25214233 3.52133745
-0.25330179 -0.372124404 3.58316844 3.61133416
-1.5010008 -2.20440198 2.32473147 3.53790445
-0.622860253 -3.37081396 1.29423371 3.66406639
1.5266067 2.16499361 -2.73138723 3.8050232
-3.08460312 0.790237299 -2.03438808 3.77862227
0.291276023 -3.44181359 -1.2168971 3.66220713
-2.40213697 0.848527244 2.97625828 3.91770008
1.03972737 0.82952437 -3.29923038 3.55725523
0.82797645 -2.91960879 -2.1295789 3.70739353
0.251428455 2.2381799 -3.00899088 3.75854914
0.200261359 1.85004768 -3.40506113 3.88036369
1.29063143 -3.51698645 0.463814817 3.77492349
-5.66712989E-02 1.55322531 3.64804016 3.96533952
2.16663259 -2.67030451 1.23635548 3.65423013
0.961178702 -3.39749029 -4.253224115E-02 3.53109243
-0.993768565 2.72213141 -1.91790897 3.47504679
-3.67494534 -1.45464475 0.536151839 3.98856784
1.96604509 -2.93385229 0.930421496 3.65219204
-3.09474284 -1.91155 8.248278409E-02 3.63844198
2.4177906 1.46981484 -2.36849794 3.68996606
-0.508911899 -3.68927019 1.30733276 3.947002
0.64007023 0.649999416 3.65281859 3.76500635
-1.08854767 -0.441145345 3.35090062 3.55078586
-2.09172267 -1.80424957 2.44481653 3.68886813
-0.906932074 -3.32559338 1.0972353 3.61746077
1.87414103 1.59373507 -2.62521805 3.59780015
-3.13990753 0.581471544 -2.31618163 3.94484801
0.486888126 -3.30049191 -1.73133739 3.75870138
-3.02365526 0.606872413 2.08846339 3.72457576
0.389204289 1.28371728 -3.69748032 3.93329007
0.888023196 -2.76043876 -2.39762807 3.76260916
7.045049468E-02 1.68371907 -3.04761668 3.48250493
0.675062594 1.45601347 -3.39257718 3.75303406
1.23790835 -3.23708383 0.560713335 3.51077316
-1.11254079 0.464675628 3.26453301 3.48006411
1.87195272 -3.00836973 1.24078615 3.75420374
1.37178433 -3.34522052 -0.381223561 3.63560504
-1.72066741 3.20182102 -1.10299602 3.79854635
-2.94770807 -2.55755722 0.526872384 3.93797871
2.14286869 -2.73989657 -0.224953497 3.48561667
-2.98077378 -1.43574229 -8.572612263E-02 3.30964004
3.58041982 0.553867162 -1.97632314 4.12698777
-0.240420416 -3.26217559 1.56516965 3.62620291
0.399780273 0.845017674 3.52165769 3.64361799
-0.381075879 -1.3440975 3.42400317 3.69805552
-2.02012516 -1.80532952 2.37143767 3.60053287
-1.72050525 -3.15823576 0.598652022 3.64595333
1.92213386 1.1698413 -2.78112001 3.57739511
-2.76562506 0.763261943 -2.1812213 3.60402235
-0.226923393 -3.53649357 -1.08115401 3.70502024
-2.38605532 1.46195706 2.65070852 3.85445639
0.57264778 1.03208049 -3.46170788 3.65739484
1.98323198 -3.07172321 -1.79833823 4.07464268
-0.475080476 2.18207588 -2.86687746 3.63402573
0.457965411 1.76010033 -3.1261615 3.61670723
0.861848184 -3.59633858 0.814525784 3.78680416
-1.01205648 0.946371774 3.60207017 3.85937655
1.58909553 -3.01381365 1.10546027 3.58194636
1.84008185 -3.46519693 -0.682169135 3.98231662
-1.84726681 2.92599854 -1.08393873 3.62612538
-2.94805731 -2.5101771 9.800558811E-02 3.87319456
2.18975831 -2.76356061 0.658166854 3.58684992
-3.22443918 -1.48944949 -0.417977856 3.57633518
1.53617071 2.44397258 -2.59799863 3.88360906
-0.445148534 -2.95375005 1.93561916 3.55941261
0.26405404 0.614489614 3.64830346 3.70910234
-0.478486339 -1.20070423 3.25139402 3.49888595
-1.6306955 -2.14344587 2.59286895 3.7385154
-1.60627362 -3.28933051 0.882046628 3.76534413
2.14059647 1.37739426 -3.01104506 3.94281125
-2.93611132 1.10013838 -2.08900941 3.76762716
-0.498945701 -3.62956462 -0.736237664 3.73694153
-1.29642476 0.532326931 3.1334608 3.43258878
0.578630577 0.775297897 -3.33533109 3.47279911
0.682448193 -2.45838025 -2.00410984 3.24435282
-0.166240476 2.07674442 -2.98010976 3.63614596
0.579060433 0.844388831 -3.62658146 3.76834136
1.40808092 -3.45635924 0.64936581 3.78824326
-0.925129656 0.251236797 3.83236663 3.95044539
1.99800189 -2.99294862 0.76010289 3.67797627
1.21529366 -3.34157407 -0.285851159 3.56717912
-1.71885106 2.93452785 -0.657988205 3.46393579
-3.00955523 -1.94011505 0.671484495 3.6431251
2.2298853 -2.93002555 0.558224167 3.72411766
-2.932292 -1.97129625 -0.580533228 3.58069324
2.33931266 2.07546475 -2.31071517 3.88835984
-1.04836992 -3.17008647 1.33567922 3.5961878
-4.426815377E-03 1.46369151 3.61874164 3.90355011
-0.61493596 -0.718983711 3.46400575 3.59088007
-2.61031969 -2.02607131 1.69640073 3.71436526
-1.44269107 -3.0015166 1.49891969 3.65201583
1.91455587 1.17031623 -3.05013296 3.78661793
-2.86420159 0.388501055 -1.89266549 3.45496258
-0.464533075 -3.62126159 -0.29257182 3.66263904
-2.42212141 1.05667277 2.87805334 3.9072267
0.90284863 0.335391364 -3.57482309 3.7022943
-0.276224851 -2.20502807 -2.98713476 3.72309321
-0.419211721 2.05735548 -2.9117554 3.5898147
0.243454324 1.79205292 -3.13869126 3.62244482
2.25240471 -2.68926212 0.808397137 3.59985606
-0.528548563 0.873917852 3.71871089 3.85641112
1.96013503 -3.06669156 0.968593068 3.76628451
0.941387575 -3.70480325 -0.1593135 3.82585396
-1.47277069 2.9551338 -1.67884261 3.70410337
-2.89618569 -2.08822721 0.451793888 3.59898627
2.06900812 -2.95437468 0.709787259 3.6759927
-2.74978994 -2.08594857 -1.4715055 3.75204672
2.56395906 1.73364681 -2.20164365 3.79824329
-0.832936829 -3.18272121 1.70009756 3.70321884
1.04019204 5.009777124E-02 3.76003401 3.90158493
-0.17183666 -1.26655585 3.04968149 3.30669756
-2.65433389 -1.81438745 1.83337365 3.70118213
-0.569105961 -3.15639834 1.70695619 3.6332398
1.65899743 1.56492724 -2.77938923 3.59531281
-3.03039589 0.70106537 -1.99225015 3.69375859
-0.17565662 -3.56715568 -1.28754878 3.79647689
-2.01211145 0.419526508 2.84636387 3.51089479
0.414808725 1.09503453 -3.4213207 3.61615849
2.16535915 -2.8836257 -0.246129836 3.61450652
-0.545412971 2.00937328 -2.81974068 3.50513819
0.172768197 1.37601693 -3.39229849 3.66482748
1.5051022 -3.25492906 0.932378017 3.70529683
-0.732577113 0.661077815 3.66303306 3.79361362
2.50734805 -2.72474627 0.715798273 3.7713928
1.03305564 -3.33372765 -0.373150487 3.51001215
-2.10946969 2.62186496 -1.34856517 3.62528154
-2.62986749 -2.36226467 0.297919178 3.54757004
2.38639365 -2.91014427 -0.136034241 3.76594207
-3.40932148 -1.92755781 0.191758978 3.92118905
1.11073543 2.56593354 -2.26732652 3.59979412
-1.08585823 -3.0419166 1.685468 3.64323305
0.569159098 0.484028653 3.47575587 3.55515185
-0.66082899 -0.918643529 3.37223142 3.5570417
-2.15769431 -1.99864576 2.23903191 3.69641631
-1.66921429 -3.12057704 0.156847053 3.54243962
1.90351632 1.92977214 -2.49478458 3.68393064
-3.12991422 0.522844641 -2.32707387 3.93509877
0.329073991 -3.57813294 -0.58443271 3.64045143
-2.2866495 0.974299372 2.9234806 3.83728602
0.82063849 0.200937108 -3.52199997 3.62192035
0.44230885 -2.76002429 -2.26798926 3.59960366
-0.816497879 2.26820492 -2.9341187 3.79743004
0.569435774 1.73714575 -3.18764275 3.67464267
1.83837471 -3.04491331 0.40034865 3.57930129
-0.984375324 1.0295642 3.0691646 3.3836029
2.67837685 -2.87618349 0.452061036 3.95607042
1.46669866 -3.28782272 -1.04473961 3.74866163
-1.23115526 2.69828084 -1.95549036 3.55252098
-2.60737374 -2.80320736 0.244256135 3.83614786
2.59113506 -2.73271344 0.192270554 3.77076539
-3.52977942 -1.52714705 -8.326352334E-02 3.84687583
1.99531557 1.72701758 -2.32129702 3.51458302
-1.16388525 -3.20379952 1.70164639 3.80979799
1.07273207 7.276211317E-02 3.66648235 3.82088226
0.309347911 -1.18755626 3.06898724 3.30524865
-1.50544667 -2.27431946 2.27851376 3.5539448
-1.32080523 -2.9145731 1.25005571 3.43538966
1.71715362 1.8802017 -2.77389125 3.7654014
-3.46330069 0.56745012 -1.37800423 3.77032451
-0.672117369 -3.56976999 -0.442050497 3.65929067
-2.07044867 0.557597341 2.87435834 3.58602961
0.510242509 0.84714478 -3.33497764 3.47851658
-0.441382443 -2.91985761 -2.69766464 3.99972267
-0.951929479 2.23013101 -2.98415143 3.84510257
0.713351248 0.238484784 -3.64065804 3.71754435
2.18790403 -2.99786686 -7.315275764E-02 3.71207234
-0.73216668 1.39007921 3.46697022 3.80634611
2.35489373 -2.64175943 -4.647624781E-02 3.53929052
1.15497354 -3.8478997 -7.469353126E-02 4.01819301
-1.23271362 3.2182946 -1.45208504 3.73972645
-2.97797477 -1.84899943 0.604208995 3.55699327
2.10333289 -3.23334815 -0.401985435 3.87816217
-3.16197583 -2.06059442 0.231276368 3.78122061
1.49775362 2.76087832 -2.48135498 4.00285368
-0.101149433 -3.35875822 1.43146755 3.65247688
0.751864909 0.353692288 3.43471548 3.53378968
0.258232485 -1.31450215 3.27207985 3.53569038
-2.23938848 -2.18477887 2.14051658 3.79076914
-2.02187427 -3.02263046 0.546261322 3.67731857
2.09493871 1.35405783 -3.00052918 3.90197593
-3.23831476 0.267402736 -2.01338893 3.82255434
-0.494741326 -3.66026502 -0.106815244 3.69509384
-1.98359074 0.890367062 2.67792024 3.4494409
0.360502914 1.45862907 -3.10959722 3.45357148
0.158624741 -2.81115529 -2.51936183 3.77821915
0.728417812 1.61699179 -3.03041275 3.51121865
0.577384986 0.866288192 -3.43978653 3.59387813
1.16944919 -3.40785006 1.53289036 3.91545736
-1.61811536 0.426011353 3.33666848 3.73271209
1.63083365 -2.80073524 1.76203926 3.68897257
2.32879512 -2.77703198 -0.948322431 3.74626598
-1.71535523 3.03253032 -1.62993308 3.84647444
-2.62741717 -2.34551057 0.415752721 3.54648997
1.88769247 -2.90902877 -0.184364401 3.47272537
-2.98569989 -2.07659014 0.368519371 3.65546673
